15.5525 
24.6676 
15.8500 
13.8101 
11.2293 
-10.0007 
-6.9273 
-13.6209 
-4.1446 
-6.1759 
-33.0465 
6.6810 
12.1328 
-24.2631 
-3.5224 
-6.7566 
0.4898 
-20.1611 
22.9287 
43.7517 
25.5630 
-5.5321 
-6.9241 
-3.5359 
11.5157 
20.8394 
19.0099 
-8.5359 
-8.4363 
36.9039 
61.7265 
42.5705 
15.4075 
-12.4321 
-6.6086 
-1.0485 
-26.9118 
15.4667 
11.9822 
33.5026 
33.2374 
8.3390 
1.7051 
-17.9426 
-11.5650 
-1.9387 
-5.8658 
-11.8107 
-0.6256 
-9.0125 
-10.5372 
-11.6093 
3.9563 
9.6357 
8.2204 
25.5788 
25.9265 
19.4528 
32.9878 
54.6787 
37.6371 
8.8243 
6.8749 
-6.6065 
5.9659 
7.4444 
15.1995 
6.4299 
1.8580 
-25.3424 
19.3436 
44.9453 
38.3060 
52.1215 
39.8592 
6.4202 
-12.5010 
5.8118 
5.5111 
-5.7534 
-19.0609 
14.5504 
47.6357 
38.9578 
-12.2736 
17.0437 
20.9130 
11.1650 
27.7525 
10.8804 
-21.5160 
4.9528 
27.2971 
19.6499 
-20.0866 
0.1228 
-8.5446 
-1.1993 
-4.3855 
-3.2075 
-7.1856 
-2.9578 
-7.6944 
-9.5102 
-13.4849 
11.7782 
28.3514 
12.8433 
10.6247 
-40.9328 
-6.3055 
-23.4155 
16.2303 
13.0359 
-10.9688 
-9.1794 
13.4447 
48.4384 
50.2423 
43.7516 
35.1474 
38.7922 
29.5514 
20.6634 
33.3011 
43.6372 
13.0636 
13.4687 
-16.4767 
-8.2917 
37.8520 
34.2603 
-44.5144 
27.8981 
41.0102 
12.6057 
-36.0521 
21.7395 
37.0708 
39.1973 
19.5464 
8.4334 
-9.0320 
-8.4226 
12.5910 
46.8434 
43.9249 
11.3506 
3.4161 
-6.7183 
5.7237 
0.9119 
-1.0644 
2.6968 
3.9527 
6.7301 
20.7364 
13.8104 
-20.1294 
14.7723 
22.9823 
40.4018 
21.0346 
-5.4479 
-14.2026 
21.4000 
39.2407 
22.5451 
23.5774 
6.0442 
-19.8806 
20.3539 
26.9376 
56.8471 
47.1554 
26.6529 
50.9823 
36.7829 
-29.5618 
40.8576 
61.8073 
33.0119 
11.8639 
32.9060 
15.9768 
-26.9209 
6.6797 
45.0579 
66.1212 
73.0078 
76.5270 
53.6597 
40.3225 
21.4144 
2.7057 
-6.1307 
-14.8093 
-16.4160 
-8.3193 
3.7125 
1.3128 
-18.6779 
10.1055 
26.9272 
11.3638 
27.2905 
22.6446 
-7.7874 
-4.2640 
5.6697 
26.3384 
30.8110 
15.9037 
8.9351 
7.0544 
-14.7662 
-7.0086 
33.3691 
54.4788 
34.7710 
9.1748 
-15.9827 
3.1400 
6.0830 
0.5007 
-10.7712 
0.9895 
5.9224 
-10.2961 
-7.4838 
4.8920 
-20.5507 
0.3985 
6.3519 
6.7467 
-7.5654 
12.6724 
29.9881 
19.5800 
-10.5347 
13.7589 
9.6920 
8.6006 
-6.1687 
-0.9643 
-16.6341 
-3.1008 
-10.2209 
33.0719 
25.1934 
-36.1150 
-16.0354 
-6.0889 
5.0834 
7.7238 
1.9803 
-4.2084 
-21.2038 
-14.8549 
-26.3021 
26.5804 
40.2694 
57.1843 
28.5027 
-31.6674 
6.7055 
17.1696 
13.4348 
1.3791 
-2.0325 
-1.7402 
0.8766 
4.1670 
-8.2119 
16.9340 
29.5857 
21.2331 
34.9669 
65.2680 
61.4461 
33.0564 
-12.4816 
13.9204 
-13.9617 
46.4192 
57.1112 
16.9850 
-18.3335 
-3.9821 
9.2247 
7.5215 
-7.7229 
0.7455 
-7.5012 
11.6921 
47.0584 
33.2421 
-20.7341 
6.2131 
-0.2049 
-11.2124 
-16.3300 
5.3731 
19.4700 
33.9504 
15.6499 
-24.1936 
3.6207 
-5.2119 
-21.5467 
-0.6031 
-7.6112 
10.8306 
10.5129 
-3.7648 
-1.0362 
-3.8175 
0.5195 
1.8929 
2.9999 
-5.2157 
-1.3949 
3.5383 
-7.9699 
-16.0018 
-20.8650 
-4.8564 
18.5340 
12.5700 
-22.8392 
-2.1001 
-23.5481 
-13.7991 
-25.5509 
17.6467 
19.3161 
-7.8787 
6.2402 
6.0685 
9.8526 
51.2281 
56.4116 
16.7620 
-22.0204 
-6.2735 
-10.2798 
-4.7246 
4.1521 
8.1711 
4.0033 
-15.2758 
1.6374 
3.4017 
-9.9715 
3.8235 
22.8464 
28.0115 
6.6182 
-3.4147 
-4.0882 
3.0365 
2.5261 
-7.5115 
-6.4614 
32.3280 
61.1249 
48.4030 
-15.5665 
44.8462 
65.7352 
62.0217 
43.4852 
60.7378 
61.8486 
30.0968 
-32.5640 
5.7904 
28.5886 
35.8310 
55.6297 
34.5646 
-40.7809 
20.1180 
47.6715 
50.1254 
27.8141 
-38.4407 
0.9091 
-8.9019 
10.4819 
9.0992 
-8.1014 
13.8685 
21.0229 
45.5279 
51.6129 
51.1999 
16.3316 
-19.4871 
-2.6412 
0.0751 
-5.7449 
3.5538 
24.5822 
17.0970 
-35.4022 
12.4904 
17.3024 
-7.8926 
7.1146 
38.3557 
67.7894 
47.6905 
-13.2339 
-2.3982 
-19.4422 
-10.7838 
21.4341 
51.8148 
33.6707 
-22.7351 
7.3741 
9.6744 
17.3409 
-11.0918 
13.8187 
26.6798 
13.4756 
59.9889 
59.6688 
12.5619 
22.0785 
42.8565 
23.8778 
13.8644 
-35.5507 
-0.4499 
-27.8548 
45.2038 
72.0217 
52.9998 
32.5637 
-10.1731 
7.5872 
8.4060 
-5.5668 
-17.1851 
3.3378 
2.0314 
-7.7991 
1.2888 
12.0952 
-2.2387 
1.3709 
3.3268 
-8.5293 
-18.6844 
-6.1911 
-9.8311 
-21.8125 
-27.7744 
6.2595 
21.8723 
32.4444 
24.9183 
4.1157 
-21.2679 
3.1214 
8.3225 
19.7942 
11.1090 
30.2557 
22.7881 
19.5292 
-9.6366 
-0.9743 
-24.8969 
7.2650 
16.2493 
7.8491 
10.4163 
-10.8245 
35.0656 
48.6576 
16.0828 
-25.6226 
-17.8665 
-6.2026 
8.2071 
6.5276 
-4.1989 
6.7908 
13.8248 
-8.3781 
5.9065 
5.3571 
1.9588 
-0.7242 
-3.2288 
-3.9595 
-11.3159 
-41.0445 
31.0688 
46.1138 
9.6501 
3.6902 
-5.4006 
-17.0046 
16.9875 
48.4790 
45.7245 
15.5114 
-24.2326 
3.8709 
20.5692 
30.1257 
15.3043 
-39.0931 
28.9952 
44.5467 
28.5163 
62.8047 
58.4405 
55.6421 
29.6421 
56.4918 
60.4922 
75.5708 
59.9506 
58.6987 
37.3465 
6.9674 
-20.8157 
-2.2211 
-45.3292 
37.7903 
65.0037 
54.6207 
26.8625 
35.1000 
11.4487 
13.0349 
-22.6011 
-1.4602 
-41.5450 
30.8203 
55.6636 
71.7770 
45.6444 
-10.3731 
5.2899 
-0.1339 
-7.5414 
1.7992 
3.4201 
4.4759 
3.5196 
-6.2623 
-1.0032 
5.2327 
-14.1903 
-0.8615 
2.7961 
-11.0902 
-14.1482 
-4.0239 
3.7938 
-3.4515 
-19.1653 
-13.9045 
-3.4282 
-19.3601 
-2.7640 
7.4773 
-14.1749 
6.7687 
8.0580 
-4.1059 
-15.0583 
14.0060 
24.4489 
9.4004 
3.5182 
-31.9611 
-16.7410 
-5.6615 
0.7853 
1.0606 
-6.5048 
25.1907 
37.4502 
19.6937 
20.0655 
9.6352 
26.8050 
47.0927 
63.3112 
42.1014 
12.6297 
14.8862 
-22.9764 
-5.4703 
-24.6981 
-6.7260 
-28.9973 
9.6501 
22.7523 
26.9523 
6.2146 
-11.7584 
1.5954 
1.7926 
-10.7762 
4.8732 
11.2423 
10.7505 
51.1531 
61.9239 
44.7455 
12.8130 
-3.9146 
-1.0768 
-3.8790 
-9.5597 
-20.3710 
2.7502 
15.3195 
17.6564 
7.3850 
9.8334 
39.8225 
29.6552 
-10.0661 
15.1690 
42.8304 
21.9341 
-24.5930 
-2.3753 
5.0700 
22.0830 
23.7338 
17.5107 
12.5903 
-21.9176 
8.3900 
7.6981 
-5.5585 
-18.0001 
12.0774 
32.6392 
21.1791 
5.5812 
-24.4325 
-21.1897 
-17.8588 
-3.1503 
-1.0447 
-4.6495 
8.6631 
16.0616 
5.3549 
-10.3454 
-3.4800 
-25.9802 
7.4235 
18.8616 
22.9173 
23.7713 
57.3495 
36.0994 
-40.9802 
16.1265 
28.1872 
29.4629 
12.5158 
-13.4928 
-4.2143 
-18.2939 
-0.5098 
2.1420 
-22.6235 
-19.4665 
-8.5889 
0.3180 
-3.4850 
13.1938 
2.5787 
-8.5556 
-3.6632 
-2.4291 
-4.7737 
-0.9860 
1.2850 
-6.8184 
-2.4785 
-17.1208 
-24.5000 
-19.2719 
-6.1217 
-2.7029 
3.2447 
3.6779 
-10.5081 
7.1425 
4.3081 
-4.7063 
-0.1279 
-4.5402 
2.6440 
7.2834 
23.7599 
13.6987 
-33.4482 
22.3305 
24.9655 
-6.7904 
-0.8443 
-10.7493 
-2.5507 
4.2223 
-2.2528 
-1.9758 
1.9168 
1.9077 
-15.7325 
9.6813 
17.4196 
13.0211 
-21.3220 
22.5994 
55.2542 
37.4489 
-27.4746 
33.6839 
67.3067 
59.2704 
34.4734 
15.5030 
-27.4178 
5.4429 
21.3030 
11.3044 
12.9190 
-22.2268 
17.9671 
30.4852 
12.4467 
-4.6910 
-17.6001 
35.1243 
56.1254 
19.4474 
-30.1012 
7.7619 
11.3849 
52.1251 
37.5705 
-45.2204 
30.4596 
31.3680 
-22.5880 
7.8729 
47.1901 
63.2994 
39.5887 
41.0731 
37.9423 
15.5445 
-9.9804 
0.9246 
1.6734 
-2.4593 
-7.1860 
-21.1730 
-32.5777 
-17.7923 
-4.5834 
0.1193 
-2.6928 
-8.7823 
0.7597 
1.5323 
8.5210 
8.2680 
3.8272 
-6.4557 
2.1578 
13.8707 
14.8380 
9.2995 
2.1458 
-1.2900 
0.8629 
-7.0590 
-9.0344 
-5.1443 
-0.3241 
-11.8084 
7.7985 
17.8493 
37.1714 
44.5177 
26.4134 
28.9631 
-13.0106 
22.4341 
23.7067 
10.5807 
38.2620 
53.2581 
25.8904 
-5.2477 
0.1480 
-4.7517 
-13.7002 
-6.1024 
3.0708 
-3.4990 
2.2819 
8.6247 
0.4275 
-2.7437 
-0.7694 
0.6667 
9.3345 
2.2617 
-13.4007 
-2.3619 
11.4845 
42.2079 
44.4335 
11.3169 
-22.8518 
-6.7492 
-29.4707 
16.5583 
38.6666 
20.6603 
-4.8436 
0.6557 
-8.3666 
6.3836 
21.8575 
15.4127 
4.7645 
-26.5428 
13.9220 
17.2890 
-5.3464 
-20.9417 
14.7767 
37.8449 
39.2755 
34.9741 
21.1611 
-15.7685 
-14.4084 
-9.1340 
-41.2477 
34.1724 
70.0588 
62.9855 
28.6151 
-35.3231 
-6.3714 
-28.9031 
15.1877 
18.2641 
-7.4146 
-15.0016 
21.5495 
47.6303 
63.2996 
45.4992 
20.9968 
-9.9098 
3.4740 
-18.6742 
13.5057 
43.5148 
42.6234 
10.6449 
15.8753 
22.4581 
19.3323 
30.6734 
39.6487 
13.9251 
50.9879 
64.3877 
59.3516 
38.5068 
12.5467 
-6.1190 
2.8740 
0.2973 
-18.8877 
5.1283 
8.6751 
-8.7753 
-1.1038 
-3.8052 
-6.7548 
5.2130 
14.7003 
6.4053 
-19.5291 
13.0529 
20.4420 
16.7568 
3.1373 
-3.2170 
1.8690 
2.0074 
-3.6083 
-10.3643 
0.0321 
1.3004 
1.6522 
-5.8107 
19.5763 
29.7043 
7.9985 
10.4827 
3.6256 
-9.2047 
-3.4950 
-0.4003 
2.8228 
-3.5973 
17.8251 
42.6426 
56.1122 
25.9717 
-10.6956 
-14.1467 
-0.8037 
0.7104 
-4.9225 
8.6887 
6.2799 
0.8362 
-3.6184 
-16.7666 
11.0827 
13.6982 
-7.1586 
1.9483 
2.7039 
-12.0811 
10.5700 
37.2027 
33.2088 
11.8290 
15.8888 
-9.2234 
3.6137 
5.6694 
16.0988 
10.7769 
-16.6604 
-7.1531 
32.6573 
49.3196 
17.3546 
-27.0669 
1.2185 
2.5816 
-27.7958 
1.9192 
9.2242 
11.0595 
8.1288 
22.9002 
35.5343 
65.9794 
57.0704 
14.8517 
-3.3711 
-1.0477 
-20.5718 
21.5264 
29.5512 
-20.5784 
4.5942 
16.9294 
35.4254 
24.8883 
44.4073 
63.7916 
61.3526 
23.9455 
21.0881 
33.9682 
14.1181 
-25.7241 
-4.0789 
-18.4147 
12.9481 
9.8098 
-20.4194 
-7.7801 
1.0704 
9.3394 
14.9434 
15.7591 
4.5653 
-0.9709 
3.6677 
2.6812 
-5.4044 
8.2355 
56.4479 
82.9248 
66.5369 
15.9873 
54.8697 
37.0425 
-24.9623 
22.1857 
35.4505 
10.6119 
7.4573 
-15.1677 
5.9167 
5.5620 
-16.6299 
-3.3030 
-5.2642 
-6.9194 
0.0452 
-11.2466 
-2.7828 
-12.3146 
-2.9585 
5.6732 
31.5518 
46.3972 
35.3621 
38.1786 
25.0958 
-10.6311 
6.4533 
-8.7698 
12.3895 
28.7080 
30.5438 
18.8921 
-20.3745 
3.9831 
2.1957 
-18.5306 
8.0231 
22.2389 
10.2919 
-35.0355 
32.6830 
62.8023 
24.3773 
-21.4034 
-1.6195 
4.6778 
-13.4531 
-12.8749 
5.0581 
4.5562 
7.4769 
-4.8808 
7.5999 
5.9261 
-38.6013 
21.4350 
40.9392 
14.0583 
-4.9204 
7.7446 
2.7130 
-12.1169 
-1.8634 
-4.0528 
-25.1306 
-12.6160 
-7.2985 
14.4761 
10.6482 
-11.1761 
-12.7163 
9.5656 
27.7778 
12.6947 
27.6993 
11.0747 
28.5257 
29.2555 
-13.3068 
-6.4246 
-18.9988 
-16.9568 
19.9822 
43.1096 
14.9372 
57.1270 
42.9424 
-29.5258 
10.9307 
6.2006 
-1.9240 
-15.2493 
5.3743 
19.6602 
34.4928 
19.8008 
7.2601 
-7.7022 
-4.7963 
3.4304 
8.2518 
-10.4307 
27.5674 
28.0394 
-9.8115 
4.1250 
5.8698 
10.5384 
59.2024 
77.2963 
47.2497 
-15.0461 
31.0752 
21.2207 
11.8294 
36.7031 
14.7158 
41.2471 
22.8291 
20.3156 
39.5051 
24.1482 
-37.5358 
0.1830 
-9.2168 
4.5056 
-10.3714 
-10.9096 
-25.4094 
-6.3554 
-11.9614 
-2.0372 
-13.7398 
21.1031 
40.7671 
18.3708 
-3.7951 
-2.8971 
-2.8644 
11.6406 
13.6256 
-27.1535 
30.5871 
47.4180 
19.4630 
-27.3426 
0.6485 
-8.6058 
27.2640 
29.2812 
-30.2150 
30.1702 
34.8016 
33.3941 
36.7919 
11.2103 
22.6569 
26.4875 
19.2399 
-9.8656 
5.9480 
2.4367 
0.4299 
7.0125 
-3.9694 
-3.5152 
4.9531 
6.6112 
15.9221 
9.0203 
8.8286 
-5.3243 
-14.1416 
24.9629 
47.6377 
24.8796 
33.4796 
57.6239 
56.3392 
20.7180 
8.2748 
-3.5952 
-9.8401 
12.6321 
47.8952 
32.7648 
-21.3836 
-2.5504 
-1.6816 
3.3768 
-3.0069 
-6.3326 
-1.9397 
-14.4222 
20.9184 
40.0011 
31.2376 
18.8999 
-5.0994 
-15.9300 
1.6019 
7.5814 
23.6590 
11.8460 
-30.0471 
5.0205 
18.1500 
9.4291 
-10.3617 
-7.2093 
28.9913 
45.0264 
22.2795 
-39.2508 
-7.0834 
-6.4772 
-14.7469 
17.0595 
25.8497 
5.0743 
-14.9035 
14.8686 
28.1305 
14.9795 
1.7324 
-6.3723 
2.2081 
-2.3307 
4.9095 
8.8793 
24.0093 
17.9521 
10.7643 
-6.9222 
2.0558 
-7.1219 
17.1321 
8.9160 
-12.2262 
-5.6828 
-1.2873 
-6.9562 
19.2430 
29.8393 
8.9348 
6.1406 
2.6743 
-27.1650 
3.7844 
9.2459 
29.5158 
8.6513 
-14.4365 
2.9782 
1.8895 
-3.4044 
14.4370 
6.4265 
-30.4134 
5.3478 
16.5001 
33.4556 
19.3651 
-18.7208 
-9.8711 
-20.9783 
-12.9020 
-11.1808 
-4.1308 
2.5616 
1.4971 
-3.8893 
9.6394 
13.8422 
-34.0718 
7.4363 
16.1979 
7.2046 
10.9725 
3.6254 
-16.5497 
-15.5469 
-10.5592 
-20.2082 
-2.1277 
8.8821 
12.2555 
10.5606 
-8.0256 
13.7325 
13.8235 
-24.6298 
18.3159 
22.6945 
4.1867 
-6.0168 
-12.1998 
-7.9564 
-25.5989 
25.4534 
34.2490 
12.5151 
20.5170 
-29.2521 
34.3197 
55.0924 
74.1652 
66.7860 
41.9075 
5.1790 
-9.0226 
-16.6683 
11.1202 
31.5152 
26.0446 
-12.4046 
16.9823 
9.2091 
-24.2520 
10.8870 
18.6811 
-11.9159 
22.0277 
34.6550 
15.5052 
-11.0088 
28.8488 
35.4915 
45.3456 
52.0913 
30.3510 
-10.7860 
15.7088 
15.8441 
-11.7812 
28.5494 
20.7619 
-31.7342 
-2.8928 
-7.2291 
1.4584 
-17.8058 
23.8333 
53.8356 
45.6228 
7.3949 
-15.2120 
5.7877 
6.8182 
10.4649 
9.3669 
33.4514 
30.4241 
6.3913 
-9.7345 
-2.3479 
1.9531 
11.2836 
7.9559 
-34.9631 
25.6714 
63.5923 
86.3319 
89.8802 
65.4876 
12.8353 
18.8094 
8.1311 
12.2595 
13.0762 
13.3001 
5.9155 
-25.4129 
-0.3720 
-8.9664 
25.1139 
63.0496 
51.5816 
-15.8090 
36.6907 
32.4246 
18.8657 
21.1582 
40.9206 
34.1768 
32.0839 
11.2170 
-17.7962 
-3.9039 
17.4525 
14.1533 
-41.0705 
21.3475 
36.0382 
23.0121 
8.4301 
-4.4900 
-2.0982 
-1.7645 
-8.6506 
9.4972 
28.7233 
17.5065 
10.6609 
28.9069 
11.4799 
25.1061 
21.3329 
-9.6422 
1.5068 
-3.8780 
-2.6712 
3.6834 
-1.5008 
-23.2272 
5.6738 
29.7481 
27.6002 
13.6180 
7.0642 
10.6047 
3.7178 
-4.4640 
-1.8994 
-11.2679 
-5.1588 
-15.7515 
9.6606 
7.2506 
-7.8823 
2.1544 
3.4344 
-13.4442 
10.8642 
8.3679 
-18.3777 
-3.4904 
4.2344 
19.5331 
19.9065 
10.9435 
-4.9900 
1.0325 
-10.0704 
-0.5817 
0.9902 
-3.3596 
-6.5365 
2.3741 
7.9368 
2.7096 
0.8428 
5.0991 
-8.6285 
-35.5018 
-19.9301 
-0.5575 
0.6383 
-3.3367 
2.5995 
11.2202 
1.0770 
-8.1830 
1.7333 
-4.2989 
7.1025 
9.6074 
-26.0366 
27.4062 
36.8402 
16.0231 
6.9508 
9.6493 
35.9124 
31.7016 
14.4960 
-3.5514 
2.8427 
3.5793 
-5.7502 
11.5912 
31.0293 
30.8103 
11.9570 
-9.8299 
-3.9306 
-3.6983 
-1.6708 
-9.4273 
8.6667 
19.9993 
6.7821 
7.5091 
24.0206 
13.2652 
-30.8568 
2.5638 
6.4550 
2.0490 
-24.0041 
-1.9152 
-11.6303 
36.7227 
26.4031 
-27.3688 
-5.9328 
29.8991 
65.8501 
56.7362 
15.2380 
-3.8049 
-22.4795 
10.0857 
24.2157 
43.4436 
29.5869 
15.2873 
2.8382 
-11.1800 
2.7070 
-12.4789 
-2.9889 
7.2959 
-1.8279 
-13.9834 
-7.0079 
11.3328 
27.7165 
22.1090 
41.8723 
59.3287 
63.4436 
33.7985 
-40.1869 
16.1722 
7.3111 
-14.0378 
4.7897 
-7.9421 
3.0826 
6.6358 
-4.1135 
0.0380 
-6.8335 
8.1365 
14.2394 
-11.9730 
21.5805 
22.1704 
15.0858 
-40.0560 
22.0434 
38.8688 
57.8599 
40.1834 
10.9384 
13.2497 
-25.0250 
19.7424 
22.5863 
3.9521 
-0.8075 
-4.8063 
-4.9410 
13.9273 
21.5442 
23.2938 
9.1997 
15.4275 
9.8210 
3.1585 
-12.8254 
0.2236 
-10.1617 
-9.1921 
-22.4443 
25.4893 
25.9519 
-8.4152 
2.1544 
-2.7230 
2.5439 
14.5094 
17.6335 
14.6749 
19.0599 
19.9922 
14.1434 
4.4678 
1.7355 
-1.4789 
4.8448 
33.3645 
60.8015 
50.5379 
19.3588 
9.7221 
32.8259 
37.9767 
11.2501 
-10.8178 
-9.1161 
-0.0810 
7.7773 
20.0394 
18.8096 
7.5462 
-9.7127 
-17.2957 
-28.5405 
-18.9660 
-2.9242 
6.4019 
9.4270 
30.7997 
29.8277 
13.9364 
-33.9883 
-3.9010 
-25.6954 
29.3304 
28.8215 
-21.8641 
8.4527 
9.2275 
19.9736 
6.9735 
-10.6580 
-5.4622 
10.8118 
35.2748 
19.9216 
-29.3887 
0.5088 
-10.1973 
33.5731 
43.2192 
10.6152 
-15.0279 
-3.6066 
0.9658 
-10.0188 
3.3225 
-23.9252 
25.7621 
51.0584 
72.2348 
64.1842 
81.3980 
75.8858 
73.6202 
72.4962 
30.1380 
-28.5802 
-3.5156 
0.0858 
0.7302 
0.8387 
1.7611 
-11.4185 
-3.6895 
8.8132 
0.6161 
2.5996 
-12.4530 
-5.7188 
11.6238 
3.0204 
0.5605 
5.7633 
3.4669 
-6.3733 
-3.1571 
2.7946 
10.2680 
12.6391 
14.6557 
4.7544 
0.6221 
-7.6904 
-3.2411 
2.6012 
2.5020 
0.8204 
1.8041 
11.7955 
15.3902 
4.0968 
-24.0687 
-3.5850 
4.7741 
-5.0233 
3.1316 
2.9876 
-7.0129 
12.5392 
17.8608 
21.7698 
9.6618 
-4.4893 
-6.5077 
16.1664 
23.1712 
5.0371 
-9.9370 
-14.2730 
-23.7464 
-13.0190 
-4.7289 
19.4753 
35.1349 
12.6884 
19.5609 
-12.2065 
10.8540 
-12.0069 
30.0573 
47.3580 
35.6217 
37.5904 
19.5892 
-38.6695 
6.6860 
9.1269 
8.8624 
3.3292 
-3.6960 
-7.5978 
22.8024 
29.2737 
19.5769 
25.3367 
11.7489 
23.7053 
7.8065 
0.8547 
-14.5971 
-14.3277 
-7.2375 
1.6916 
-3.9213 
-3.4462 
2.4752 
-0.6995 
3.7871 
-6.3762 
-35.4324 
-7.0555 
11.5666 
7.1572 
-0.4636 
7.9813 
26.2397 
33.4078 
28.4636 
-30.8360 
40.9149 
58.8607 
42.5447 
24.7106 
7.3535 
-7.0013 
-5.8323 
5.1753 
25.1826 
22.4744 
33.5889 
30.8638 
33.6179 
25.0065 
-21.4970 
5.7035 
23.7757 
37.5126 
39.2908 
59.9622 
44.5724 
16.6683 
-35.6519 
-10.3214 
-37.4414 
16.5433 
29.4646 
34.6577 
52.8700 
49.5578 
43.6222 
32.4473 
27.7575 
21.7072 
36.2937 
38.6188 
55.6190 
31.4962 
-9.9403 
6.9563 
2.4082 
-21.2634 
0.7271 
8.5366 
-0.0255 
-1.4046 
3.9845 
-2.1855 
-22.5432 
-9.8946 
-0.2381 
-6.3592 
0.1305 
-11.0163 
-14.4973 
-14.8717 
4.6719 
9.4478 
23.7496 
15.7976 
2.4078 
-1.6113 
7.5579 
10.5810 
-2.5939 
-20.7187 
-24.6971 
-15.8523 
-16.3724 
1.5218 
2.5109 
-10.4923 
6.4308 
40.7343 
46.6674 
17.9105 
-4.9033 
-3.1243 
-1.0018 
-3.1099 
-5.3389 
19.5000 
7.7282 
-18.8321 
-3.5224 
-4.6298 
-23.2117 
17.9305 
54.5050 
56.2854 
46.6061 
-15.9383 
51.6304 
86.9504 
91.3237 
79.5282 
71.0968 
35.4512 
12.7103 
-23.8331 
2.5470 
9.0608 
36.6737 
31.8992 
20.2333 
5.0918 
-20.3795 
25.1345 
21.8542 
-28.2547 
5.0022 
-4.2133 
-27.5875 
1.1294 
-0.9863 
-5.8724 
-2.3400 
-11.7787 
-12.4964 
-4.9756 
26.3513 
41.2895 
14.1092 
53.1734 
47.2367 
10.1239 
9.8700 
13.8526 
-25.0459 
15.2607 
19.3802 
26.9832 
15.0026 
-6.2180 
0.8046 
-4.5645 
3.8682 
1.2862 
-17.9571 
-0.7733 
-9.8271 
32.2253 
46.0652 
39.6356 
31.5205 
14.8765 
-11.6653 
1.6762 
-3.1653 
-4.1759 
19.3938 
29.8526 
9.9373 
23.9202 
14.2797 
-30.5115 
7.2987 
46.2739 
56.8313 
65.2119 
41.9547 
12.8059 
-19.8153 
20.1336 
17.3764 
-39.4320 
6.4217 
10.8372 
-2.5733 
-2.2025 
-3.4129 
-0.4838 
-9.9670 
16.4003 
13.3692 
-15.6613 
-4.5468 
-29.4787 
-12.5587 
-24.1636 
-7.9511 
-17.8356 
-1.4632 
-29.9271 
7.7988 
13.4095 
43.0738 
37.3624 
25.9124 
-9.2824 
5.4361 
15.1672 
12.9207 
8.2136 
17.5361 
8.8933 
4.5572 
-12.4129 
-2.0134 
-12.9523 
3.6043 
14.2271 
8.6090 
5.4345 
-14.7048 
5.3629 
10.2417 
7.7592 
21.9454 
34.0411 
52.5130 
37.0669 
32.4209 
17.9495 
13.1194 
1.3701 
-0.9322 
3.9964 
-0.7625 
8.4281 
18.5734 
7.5595 
-21.0335 
5.2814 
18.5629 
23.9355 
20.1678 
3.6758 
-22.8451 
-17.7180 
-29.4692 
-14.5844 
-14.6014 
1.6793 
-0.2395 
-1.8138 
1.1794 
-4.9187 
2.0929 
5.3984 
-7.7269 
5.5574 
19.6309 
34.0186 
34.2611 
10.6244 
-13.8864 
-6.0378 
-27.2555 
-21.9693 
-11.4539 
-1.8738 
4.6162 
-12.5225 
-14.8743 
-0.4483 
-0.7087 
0.3689 
-3.1772 
-4.1347 
-4.4998 
-2.0409 
-6.2988 
-24.6577 
16.1241 
43.6801 
36.1860 
19.8792 
-39.7144 
18.5285 
31.0690 
29.5811 
14.8782 
5.8748 
5.5841 
1.4301 
-22.1430 
4.1991 
16.2320 
9.4536 
-18.3378 
-2.7817 
-17.9385 
5.5559 
32.0803 
33.1628 
24.8704 
4.9104 
-30.7508 
13.7188 
27.2569 
8.8198 
-21.7353 
2.6271 
14.3502 
18.9301 
-12.6109 
27.8879 
34.6705 
36.0079 
15.1858 
1.9791 
-8.7263 
-8.7353 
15.9496 
38.0957 
23.8497 
-42.8684 
36.4817 
69.8835 
58.8066 
67.4590 
67.7055 
31.8122 
-8.4655 
-2.1094 
-9.6925 
-0.7970 
4.0932 
-3.6182 
-27.1186 
-2.8404 
-7.3114 
9.8610 
14.6817 
19.3145 
15.3615 
3.3868 
-12.4913 
-11.2178 
-5.5651 
-14.1101 
-12.2077 
-9.8870 
-17.8166 
-13.8232 
4.8228 
-11.3534 
-16.5705 
-18.7834 
15.3127 
38.2250 
50.7156 
30.6957 
-7.2428 
-16.4837 
28.7068 
45.2108 
16.8191 
2.7117 
-5.1778 
-0.2747 
-5.1656 
19.0631 
39.7174 
22.3854 
-17.6384 
-1.1169 
-14.9827 
4.1269 
30.8321 
49.6751 
43.3157 
33.4616 
19.2541 
-38.5811 
12.2908 
13.5309 
-13.8517 
2.6156 
4.8200 
-7.3574 
16.2976 
54.4242 
62.7424 
43.7554 
9.3852 
3.9079 
-22.5924 
10.4105 
24.1571 
9.8367 
7.4052 
-5.9590 
-2.0784 
0.5212 
7.1306 
9.3632 
-13.0911 
10.4441 
21.7463 
-40.7130 
18.0474 
30.7996 
16.1591 
-4.8559 
-6.8563 
2.0592 
7.7036 
25.0709 
13.4762 
51.3996 
45.3573 
9.0798 
3.9576 
-20.7185 
24.4680 
35.9338 
22.4394 
-44.1183 
26.9704 
40.2003 
58.0024 
51.6187 
11.7202 
-13.6516 
-8.0067 
-3.3934 
-24.1237 
31.6187 
36.6883 
-12.1213 
22.1475 
36.0142 
28.6398 
74.8307 
93.7689 
87.4884 
64.3847 
69.0289 
41.2971 
9.3014 
-18.3536 
-1.1155 
-15.9566 
-0.6865 
4.9979 
-9.7722 
2.7157 
7.4163 
3.1859 
-2.7528 
-4.9509 
10.4042 
10.7315 
-19.1656 
4.6674 
6.0591 
-3.2909 
4.4690 
-6.9823 
-2.7197 
5.1554 
6.9789 
21.1231 
20.4754 
20.2196 
-11.4296 
17.3320 
18.9389 
22.0292 
9.5364 
-3.3006 
-10.4919 
4.9361 
-2.5697 
-0.4946 
5.8360 
12.9417 
4.6540 
-11.3791 
-0.8243 
-6.4090 
11.9622 
17.1298 
10.5388 
5.9084 
0.5764 
-6.0119 
2.2690 
-9.8135 
-1.0177 
5.0089 
-19.0167 
5.2758 
8.4056 
6.9197 
20.5346 
10.2164 
-9.9094 
-15.9987 
-16.0607 
-12.9411 
-7.6191 
37.2421 
62.0273 
54.5794 
35.7104 
20.5624 
-4.6717 
-5.6998 
-1.4557 
6.6384 
38.0385 
29.0464 
-20.6974 
8.8824 
16.3845 
9.0299 
26.2778 
40.7899 
28.8341 
18.7181 
19.1189 
4.7570 
-3.5067 
-2.2994 
-5.0728 
-1.6069 
-9.9600 
-1.2886 
1.2774 
-2.5687 
-5.5308 
-20.4030 
14.3108 
14.2530 
61.1570 
70.8351 
43.5199 
39.5000 
7.1227 
-1.7302 
-5.6615 
-3.3551 
18.6057 
50.1711 
43.6012 
-14.6818 
32.2668 
35.0603 
35.5622 
20.9011 
23.8976 
49.6927 
31.1667 
63.4542 
60.7339 
72.5505 
35.0809 
-31.5978 
-2.8033 
-0.5634 
4.8919 
5.8978 
4.0245 
-10.4747 
5.9209 
28.3231 
37.4499 
12.6849 
21.9251 
5.2455 
-27.2434 
2.9902 
7.8545 
8.0794 
11.2046 
-8.1632 
2.3849 
-8.4017 
27.2244 
52.2668 
82.2010 
92.2817 
83.9277 
49.7643 
6.6224 
-27.3848 
-12.5256 
-28.3555 
10.4735 
8.5660 
-40.9060 
-4.6035 
-25.1782 
7.3966 
-12.7793 
34.0281 
44.1338 
37.4799 
43.0281 
14.4195 
56.4917 
76.8797 
61.6880 
25.0295 
-34.0615 
-1.5573 
-23.2452 
14.7803 
12.1085 
-13.7367 
-4.3715 
5.1344 
28.3379 
30.1878 
27.0325 
25.1740 
14.6377 
-21.6532 
23.8080 
30.7244 
-14.3562 
35.6699 
33.9944 
25.2215 
42.2253 
13.6023 
38.0848 
34.8549 
-14.0857 
39.6637 
54.9389 
39.7447 
13.3327 
-23.5944 
4.8055 
-2.6131 
-12.0184 
0.4282 
0.3021 
-1.5340 
2.4056 
-1.7168 
-16.1485 
-6.6267 
36.2990 
56.9259 
41.1624 
53.0262 
43.9059 
62.2793 
37.1236 
-12.3908 
27.3986 
59.0667 
73.6698 
83.1951 
69.4856 
37.3817 
-24.7215 
17.7998 
12.1472 
-28.5472 
5.2008 
17.6619 
7.8249 
4.1857 
-9.7023 
24.5138 
26.1013 
8.1095 
11.6637 
11.2766 
7.5377 
3.6042 
-26.8747 
8.3913 
25.3904 
21.8060 
8.1522 
14.7885 
15.9415 
-10.8237 
0.6501 
-37.9203 
19.0368 
31.7569 
36.2263 
55.2630 
31.1113 
-27.1351 
25.2264 
20.9518 
-12.5612 
-3.2746 
6.9574 
-0.3298 
-15.4588 
-2.0260 
-5.4652 
-26.2640 
11.1336 
16.5094 
-23.4373 
14.8084 
11.6633 
33.4684 
38.5901 
64.2467 
73.8248 
48.5728 
66.3738 
47.4013 
64.7927 
44.7027 
19.4992 
7.9204 
-23.2141 
-0.4465 
-7.8415 
16.4005 
23.2907 
12.8786 
-6.5872 
3.7358 
0.0134 
-19.7870 
3.1411 
19.0966 
26.1502 
11.9714 
27.1634 
8.3808 
-10.6605 
33.6375 
31.6624 
-8.7992 
3.7475 
6.1988 
2.3413 
-2.1565 
-2.3477 
3.9170 
9.2959 
3.6601 
-11.6575 
-3.7859 
-16.0624 
15.6078 
35.7151 
17.3591 
-27.1902 
6.4501 
35.8083 
38.9472 
39.5411 
12.3117 
-13.3097 
-10.3151 
-7.2487 
2.7294 
1.6582 
0.8412 
-3.3159 
4.1858 
3.0144 
-1.4170 
8.3680 
-2.7499 
-19.2110 
-1.2197 
3.5367 
-8.9665 
-4.4239 
7.8611 
-3.8372 
-16.7619 
-10.0938 
14.2364 
27.0220 
9.1306 
5.0835 
-13.4429 
1.1140 
1.5529 
-4.2188 
4.1024 
13.5003 
11.0716 
45.7386 
41.0739 
7.1519 
-6.5406 
9.6199 
11.4224 
-9.3794 
7.1926 
5.2740 
0.2040 
-13.5352 
0.1208 
-5.0035 
-2.6206 
3.7107 
-5.7887 
0.1074 
3.4992 
-16.1746 
9.9617 
35.7728 
61.5679 
43.2912 
-11.0259 
7.7424 
7.8873 
2.1016 
-9.2778 
-14.1230 
-7.0786 
-7.3893 
8.2014 
49.0959 
44.5038 
-12.7856 
19.5539 
29.6946 
39.3208 
34.2631 
11.1986 
31.1158 
48.1656 
21.6321 
-40.5324 
35.6920 
52.7849 
14.8784 
-18.0044 
-4.0147 
-33.0489 
9.8900 
16.6614 
10.5922 
28.1378 
10.8511 
12.3482 
-10.5919 
20.7361 
18.1789 
-9.0721 
-1.6692 
-30.7190 
11.6787 
25.7875 
21.1556 
4.0658 
-6.2964 
-2.1268 
4.6896 
18.2989 
16.3834 
17.5858 
11.8312 
-36.8235 
19.6796 
40.4224 
43.8635 
46.9379 
30.4354 
-6.7217 
-20.8100 
12.1012 
14.6885 
-4.4109 
-14.8468 
-13.8146 
-11.3224 
1.9076 
-2.1631 
-4.7394 
-0.4561 
-4.8229 
22.8674 
40.9352 
14.8436 
-5.7688 
4.6330 
6.5300 
-11.4617 
12.6041 
14.8045 
-38.6983 
17.8122 
35.9962 
53.8712 
33.4485 
13.4876 
56.7179 
52.7383 
13.0775 
35.6586 
73.6635 
78.0595 
52.6560 
21.0311 
-20.5601 
-4.9061 
3.0845 
16.9517 
33.0051 
13.0395 
30.2374 
17.8931 
9.3180 
-8.9666 
0.2017 
-22.0007 
-0.7047 
-9.2803 
-5.7473 
-21.2376 
-2.8345 
-5.2750 
-4.2687 
-7.1222 
-10.8652 
21.0027 
51.7508 
53.5258 
36.5371 
39.6537 
32.1508 
11.1853 
-2.0796 
-14.2850 
1.5229 
-1.4917 
-9.7296 
-13.3962 
-6.2921 
-1.0280 
-6.8493 
2.2322 
-1.7877 
-4.6125 
-0.6793 
-3.7312 
-4.3072 
-5.8717 
2.7132 
5.4217 
2.1092 
-12.7680 
11.6394 
7.0370 
-27.2856 
5.5654 
35.4533 
40.1540 
13.7036 
-6.8751 
5.8764 
18.1322 
10.2121 
24.6642 
19.2519 
22.7829 
20.2581 
34.1346 
36.9156 
50.2513 
20.5543 
-20.2242 
-4.0245 
-13.5952 
-22.3934 
-3.4877 
-4.1136 
-2.9883 
-8.5914 
-5.2336 
-3.6767 
-6.2910 
10.5918 
46.1541 
60.9444 
39.1654 
43.7096 
43.5071 
18.6508 
-6.5980 
-3.5093 
1.0144 
10.7494 
11.7969 
-7.1655 
-13.6203 
-10.6248 
28.1080 
42.1975 
13.0397 
-13.6670 
-1.8643 
-6.6633 
-20.2554 
-21.0916 
-26.0682 
-11.4467 
-12.7931 
-1.7781 
-17.9967 
6.3177 
11.0282 
11.6402 
-8.8583 
-2.5290 
-27.6018 
-24.9932 
-26.9369 
-19.7397 
-6.5063 
5.4698 
13.0880 
16.5219 
7.3612 
-5.2519 
-15.7546 
-20.3846 
-10.2809 
-15.3338 
37.8629 
79.6070 
80.6030 
41.3082 
-18.5065 
-5.3228 
9.6597 
9.7224 
36.8545 
37.4710 
-14.4265 
33.4530 
37.0928 
18.7011 
8.4116 
-24.2853 
4.6967 
28.9882 
56.8121 
45.0687 
66.8963 
74.3626 
46.0542 
52.6582 
30.9587 
67.0821 
62.8446 
28.1641 
-39.3361 
25.4594 
45.3610 
27.1588 
49.1390 
47.5215 
23.1708 
-31.1326 
1.7077 
-9.3092 
19.7398 
20.9962 
18.5827 
-9.8557 
14.5688 
39.7302 
34.9890 
-29.4024 
35.7680 
65.4683 
49.5192 
83.2406 
90.7839 
72.8140 
53.7489 
43.9666 
28.2252 
12.7053 
-9.9814 
11.2540 
4.7799 
-23.0997 
6.0557 
11.0228 
41.6329 
35.2112 
28.5474 
24.7597 
47.2972 
26.8648 
-12.5727 
38.4256 
54.9777 
39.7530 
19.8776 
6.4711 
-16.7073 
0.0076 
-5.8592 
-6.7312 
-22.8966 
-3.5868 
-20.7551 
10.9965 
10.2079 
-13.7997 
5.3137 
0.3887 
-4.1320 
-2.4737 
-7.7508 
6.4599 
17.1432 
3.4429 
-1.0351 
-12.5521 
8.8615 
23.4543 
9.4832 
9.4753 
14.8574 
-29.2568 
38.1838 
44.3634 
6.3419 
-7.2726 
-2.7394 
7.1399 
7.2819 
-7.1816 
-7.6455 
-6.5939 
0.9349 
-2.6883 
-8.2125 
3.8763 
13.8995 
26.4553 
16.3869 
-4.3119 
-18.4217 
2.8341 
9.5304 
27.6540 
31.8091 
24.4701 
-27.5390 
37.2172 
60.1688 
31.7789 
-10.4571 
-1.5277 
-26.7919 
2.6580 
7.1155 
-0.2641 
-17.7027 
-5.1185 
-6.5379 
-21.7565 
16.4810 
21.8313 
-12.4139 
22.4729 
23.4029 
16.7733 
-5.6820 
-12.3621 
3.3690 
21.2032 
15.6445 
-19.0573 
8.6057 
12.9276 
11.1029 
7.4153 
20.6011 
9.4711 
-8.8702 
-8.1977 
-4.3671 
-17.1743 
24.4164 
26.1068 
-24.7228 
-6.1800 
-10.2359 
-22.7455 
18.4208 
46.2876 
23.9680 
-16.0251 
-4.0649 
0.8667 
-7.6397 
11.7001 
16.4553 
4.7857 
-19.5044 
0.8165 
2.9288 
-20.4282 
35.3740 
60.2477 
50.0610 
44.6716 
37.7187 
48.6044 
29.0758 
-9.6335 
7.9267 
7.0537 
15.7402 
27.6063 
20.0293 
24.4950 
24.0337 
45.0569 
26.5382 
24.4665 
-29.5567 
43.2449 
58.9203 
21.4282 
-18.8334 
-6.0529 
-10.9428 
-2.8359 
-5.1983 
-1.0837 
7.0953 
-2.9026 
-16.3156 
-7.4913 
15.6653 
39.5066 
18.7600 
-24.9148 
-3.5095 
-8.2854 
-7.3889 
42.2225 
76.7148 
62.7002 
19.0985 
-27.2574 
0.2073 
1.5203 
-14.8792 
-1.1715 
1.2551 
-8.8267 
2.8566 
14.6898 
27.7038 
13.5191 
-24.7479 
44.1292 
68.5803 
41.5520 
47.6970 
30.2226 
-38.6208 
15.6467 
51.5279 
48.0278 
33.5773 
33.2675 
27.3325 
-28.2757 
36.8762 
42.7211 
-15.1687 
28.2718 
19.1765 
8.2072 
11.2713 
-9.9734 
20.5150 
27.7176 
17.0965 
-20.9948 
1.2753 
-22.9085 
22.0345 
33.0508 
20.0810 
-39.1877 
24.5504 
47.4286 
35.4503 
37.4539 
52.0371 
24.3970 
-24.6446 
22.4411 
26.4115 
48.3664 
33.0441 
15.4442 
-20.4755 
12.1604 
15.2027 
12.9748 
3.8049 
-15.5866 
-3.0679 
13.9454 
46.7862 
37.6926 
-12.9602 
22.3161 
15.6849 
-17.6667 
8.4004 
6.7292 
-11.4067 
-1.1924 
-26.5632 
12.5017 
32.7278 
22.0516 
-9.7178 
5.4023 
2.5090 
-0.0053 
-5.9905 
-8.5672 
-17.9463 
-9.3351 
-8.0993 
-13.9854 
-15.3100 
-0.9773 
0.2282 
0.4352 
-18.6736 
-8.9070 
-20.8924 
25.4626 
45.9793 
28.4139 
4.7128 
-1.7494 
1.5031 
2.0398 
2.2085 
-6.9693 
-6.4108 
-7.8814 
10.5903 
8.1257 
-33.6199 
24.8623 
48.8049 
24.7644 
-41.5251 
37.9440 
79.7013 
81.8334 
52.0332 
8.9216 
-9.2643 
24.1189 
50.8747 
52.9907 
53.1982 
30.2556 
64.5923 
58.9099 
29.6252 
9.9071 
10.2130 
-18.4870 
12.5903 
22.1350 
7.4848 
1.2460 
1.3057 
9.7644 
15.8200 
13.7377 
-5.3340 
-21.3583 
-17.4989 
-2.7886 
-23.4709 
32.1552 
30.6474 
-43.7747 
9.8410 
10.7990 
10.3349 
-21.2250 
19.2066 
19.7772 
-8.1094 
-1.8135 
-4.0354 
1.9811 
-0.6021 
-4.8038 
-3.8007 
-10.2082 
10.8005 
9.0583 
30.1866 
55.4469 
45.1931 
69.8971 
53.9740 
7.3138 
-30.9307 
2.6288 
8.6307 
-4.4670 
-11.5097 
-11.3425 
-4.5563 
-6.2058 
16.8976 
16.1319 
-17.2065 
-2.5393 
-18.0719 
-17.4175 
-10.4717 
1.3644 
-2.9617 
1.3456 
-1.6264 
-25.6261 
7.2073 
18.2842 
7.4978 
-3.8500 
-3.6263 
7.0148 
32.4274 
27.6693 
9.6118 
23.7188 
27.2803 
9.7846 
14.1902 
-12.8503 
50.6256 
70.4487 
42.2531 
48.4701 
55.2364 
39.1788 
14.0614 
-8.8676 
16.9818 
23.7140 
9.2319 
4.5930 
-9.5600 
-9.8047 
-14.9338 
-27.8723 
7.2167 
18.3809 
7.8396 
-30.8982 
-19.0569 
-29.3597 
9.3238 
28.9731 
13.8460 
-22.9747 
2.3384 
10.4593 
0.8927 
-6.1959 
-4.7590 
-9.1713 
-5.8168 
4.0134 
4.1280 
-3.2898 
-2.1494 
-3.1067 
-3.5640 
2.9216 
10.1893 
11.9459 
6.7645 
-6.4852 
-2.0675 
-5.3092 
-9.6428 
-11.1045 
-2.4763 
-3.7988 
-3.1095 
-8.3352 
7.7934 
6.7503 
-16.7270 
-25.4533 
-11.6742 
-4.6031 
-12.2446 
-0.2134 
-0.8827 
-0.8046 
6.7810 
50.3187 
75.9937 
56.6413 
12.8360 
-25.9252 
-11.2467 
-22.4024 
5.5247 
23.1002 
12.7105 
40.7084 
18.4325 
-18.8265 
-13.5470 
-15.7646 
-4.7006 
-3.1489 
4.7758 
3.6856 
-2.9064 
-9.6824 
-17.8855 
-6.6633 
-12.8788 
3.8274 
9.1414 
-3.3007 
-2.8690 
-2.9465 
-1.4673 
-6.7912 
12.6083 
33.8271 
28.4433 
21.1753 
9.8427 
-8.0968 
3.1400 
-8.7333 
11.1893 
15.2858 
22.7755 
6.1129 
-17.0795 
1.3307 
0.2919 
-2.1045 
4.9547 
10.3154 
-11.8354 
21.2826 
21.2290 
20.4921 
-12.6617 
38.6219 
57.3920 
48.4933 
39.5156 
24.4234 
16.2390 
-38.8072 
-5.9764 
-19.0274 
7.3084 
10.9329 
4.5295 
-2.3581 
0.9802 
-0.2973 
-2.0884 
7.3309 
19.0424 
21.9182 
52.1080 
69.2839 
80.3127 
59.1214 
11.7630 
1.5032 
-10.3109 
6.1438 
7.7257 
5.6325 
-6.5126 
10.4518 
25.7746 
7.0503 
-23.2655 
5.5657 
8.7454 
-19.7179 
2.1246 
-11.6722 
20.3717 
18.0183 
11.3768 
43.1646 
38.8996 
38.1644 
13.4426 
-20.5670 
11.9942 
12.5022 
-9.7837 
-6.5424 
-34.0704 
6.2221 
4.3841 
-8.7041 
-9.4534 
-9.7074 
-7.8495 
-5.1515 
-27.5432 
-5.4251 
-20.4824 
19.6904 
36.8979 
58.8165 
45.6984 
58.5268 
31.4042 
61.0624 
38.9987 
-26.2354 
17.7449 
20.9215 
14.3494 
-37.2549 
18.0818 
28.9757 
10.0929 
19.8346 
16.6566 
16.6030 
22.3171 
58.3890 
82.5083 
73.2789 
36.4948 
21.2310 
4.3303 
-11.1242 
-2.8498 
-24.8021 
10.9751 
25.9909 
29.0982 
20.8452 
-22.6932 
17.3970 
20.7804 
-10.0378 
12.4015 
23.5415 
15.4041 
7.1598 
-18.3561 
-2.6257 
-22.3715 
18.1436 
30.5886 
25.0237 
-9.8796 
7.4551 
32.9043 
44.9511 
48.2345 
52.7119 
67.0951 
66.7650 
32.2269 
9.6910 
15.7875 
7.2280 
8.2371 
2.9699 
-1.9426 
-24.1050 
18.8932 
43.1172 
33.8065 
15.7069 
6.4027 
6.7594 
16.2205 
15.5516 
16.8460 
7.0267 
-12.8686 
6.0887 
21.3820 
13.1843 
-7.7374 
-3.2959 
-15.5499 
-15.7480 
-5.8329 
-2.5065 
-16.0604 
0.1436 
3.1774 
-0.4699 
7.9860 
21.1493 
11.8161 
-1.8496 
-0.8500 
-7.9629 
-11.9682 
-9.6957 
13.1106 
22.3359 
18.1381 
3.1594 
-2.7909 
-2.4977 
3.3370 
-12.2647 
-7.0386 
6.0520 
9.6520 
9.9585 
5.0164 
3.3332 
-0.7422 
5.5256 
12.3114 
3.3025 
-8.0039 
-4.0944 
8.4453 
29.0299 
28.9455 
16.0651 
-22.5193 
-14.4454 
-22.7103 
-6.1215 
23.1745 
17.2119 
-18.5723 
-5.9911 
8.0919 
28.7007 
35.4988 
17.7289 
-38.6011 
20.5628 
17.5070 
-18.1706 
-4.2440 
4.8094 
32.2606 
16.9846 
-27.4055 
-5.8193 
-0.2581 
2.3208 
-9.3074 
19.8986 
24.9781 
-4.8447 
-1.3111 
-12.9126 
18.5295 
52.8848 
44.2950 
26.9300 
12.1385 
44.8708 
25.8974 
-32.9420 
-8.6530 
-12.2835 
-5.1507 
-2.7408 
2.0284 
2.1751 
0.5388 
-3.0806 
4.8168 
7.8636 
18.4270 
39.9790 
28.1331 
10.6735 
2.3850 
-25.9999 
-0.9576 
-14.0590 
18.2287 
12.3922 
-30.5938 
4.3495 
11.8516 
15.9513 
4.9060 
-3.6887 
-1.8742 
-3.6872 
-6.2554 
-3.1896 
-4.2204 
3.2683 
12.6829 
22.8867 
17.1174 
12.9375 
-9.7360 
16.8998 
19.5479 
24.2561 
9.3760 
18.4209 
36.7322 
26.4642 
9.7408 
12.7954 
-25.8265 
31.1767 
30.5962 
-23.7581 
9.0751 
6.1091 
-10.2843 
35.6987 
44.9380 
17.4602 
6.2899 
-2.6416 
1.2586 
-11.3675 
-14.7130 
-12.9588 
3.9006 
3.1807 
-2.1989 
0.9916 
-16.2411 
15.6739 
38.6127 
20.2778 
19.3089 
10.4925 
11.8248 
-7.3703 
-5.4058 
-1.9398 
-4.9851 
-5.7407 
-2.2635 
-8.3472 
-0.4019 
-2.9396 
-7.7431 
-6.0265 
-30.6415 
25.0398 
37.4722 
-14.4983 
38.5454 
47.6309 
21.3891 
16.2002 
11.6452 
55.5951 
82.1999 
79.2831 
78.4213 
51.0747 
28.2130 
9.2117 
14.4360 
18.6324 
33.7165 
36.2560 
40.7645 
12.3798 
-7.9229 
-6.7696 
4.9254 
16.4928 
7.9369 
-34.0934 
8.8247 
12.9613 
-9.9131 
23.3686 
35.4346 
29.8685 
26.3523 
8.2330 
-8.6495 
-5.1288 
-13.7440 
-2.8119 
5.7688 
10.0012 
-9.3919 
4.5953 
23.8969 
7.0430 
-9.9851 
0.9853 
-2.1853 
-11.8452 
-3.0099 
-20.5084 
13.4056 
40.1863 
50.0529 
42.5445 
26.5862 
4.0258 
-2.9587 
-11.5548 
-11.3320 
-18.4671 
18.6223 
33.0696 
11.9897 
-6.0075 
-12.4451 
-28.0750 
-7.8725 
1.3690 
-4.2795 
14.3640 
25.2409 
12.8691 
7.1692 
0.1808 
-21.3796 
-5.6060 
-20.7600 
-5.4554 
-9.6281 
9.2861 
6.0716 
-6.7622 
12.6179 
37.0272 
55.5649 
33.1665 
-17.7191 
-18.0001 
38.6004 
64.5704 
29.0472 
-42.2921 
22.7011 
31.6486 
18.9077 
-11.6734 
32.2567 
28.4832 
-23.4354 
13.9652 
20.5413 
44.5125 
62.8909 
41.1098 
10.1104 
14.5230 
18.0442 
26.7230 
12.3266 
21.0262 
-30.9122 
44.2785 
55.8603 
13.8463 
8.3208 
-29.2143 
-3.6099 
-5.3874 
-9.9570 
16.3431 
24.4438 
-12.5606 
26.1605 
31.9748 
14.9679 
-30.4332 
8.9546 
16.2545 
4.4321 
-9.0229 
-5.6233 
-1.4052 
3.8855 
-15.7878 
0.0285 
18.5710 
20.1083 
15.8927 
4.1683 
-5.0418 
3.9214 
2.2162 
-10.8535 
-11.1064 
-6.3977 
-14.9102 
3.2527 
12.8568 
-25.1749 
-5.4569 
-4.5959 
1.6418 
-2.2771 
-9.1304 
-2.7292 
5.0308 
8.5997 
-8.7525 
-12.2219 
-29.6287 
-16.0364 
-8.6048 
-9.1560 
7.4970 
31.4559 
29.3439 
7.0100 
0.4323 
-6.4287 
-8.8215 
-14.7840 
-21.9943 
-5.8197 
-16.6041 
6.1984 
8.6488 
-25.5019 
28.5240 
51.5610 
25.3533 
-16.5649 
2.2396 
3.0261 
-8.5544 
17.8922 
13.7004 
61.6864 
77.4249 
54.8204 
16.5958 
-24.5005 
0.5476 
0.8127 
-14.6330 
3.7514 
13.0513 
6.7777 
1.4656 
-23.1300 
-14.0145 
-32.4385 
9.5612 
12.6357 
57.6852 
69.5184 
63.0395 
43.4889 
19.0256 
8.4818 
11.6486 
60.5344 
73.5641 
72.6435 
68.5611 
57.9187 
41.8294 
-28.4219 
26.8711 
59.7595 
36.4954 
-45.4473 
11.7060 
-15.9376 
61.2177 
94.3970 
98.6224 
89.7948 
64.7246 
63.0105 
22.8252 
-32.9675 
13.6505 
30.1564 
39.1054 
21.9091 
15.0214 
-4.9361 
-21.5120 
17.5204 
41.7899 
23.9212 
-6.2184 
-16.4014 
9.9845 
13.4351 
-7.0773 
7.1421 
28.7590 
25.1129 
27.3490 
-12.2753 
20.0584 
29.4832 
18.3857 
12.1574 
-21.5222 
27.2871 
44.2923 
17.2358 
-11.1151 
35.4278 
35.8659 
-12.5503 
0.7093 
-3.7273 
-9.3652 
-3.4231 
-0.6890 
3.0038 
10.9028 
7.7748 
0.0852 
4.3099 
8.4497 
-10.8356 
28.3582 
33.6226 
9.3598 
-11.5969 
0.5550 
-7.4525 
4.5400 
-11.6461 
12.6953 
-14.3325 
53.8219 
82.0883 
52.6168 
-33.6472 
45.1084 
55.2361 
25.7619 
33.0201 
19.2390 
12.3227 
55.1525 
52.3944 
14.1795 
25.2834 
-11.2075 
9.1854 
33.8536 
14.3122 
51.2753 
46.9488 
-15.6616 
37.7425 
30.2812 
-9.7357 
9.5888 
14.4662 
17.8070 
9.4571 
24.4709 
19.4232 
4.7228 
-6.2700 
-10.6203 
-8.8687 
-8.2424 
-16.7996 
-24.3799 
7.4168 
23.6370 
13.0310 
-15.5396 
-0.4374 
-9.9407 
5.7323 
31.4005 
36.6604 
49.0642 
38.2311 
13.7610 
-24.9333 
40.3614 
66.4882 
51.9546 
8.8876 
-7.7781 
14.9567 
26.2245 
7.0145 
-18.1964 
5.9052 
5.5613 
-17.4697 
20.6570 
43.6586 
40.1931 
6.8330 
-29.9788 
17.1919 
30.9376 
13.5170 
2.6503 
-26.4880 
-10.7938 
-10.2181 
-13.9259 
-8.0210 
8.3113 
6.5146 
-3.1060 
-4.5749 
-7.4096 
14.0004 
25.2986 
32.3599 
48.1721 
39.0103 
17.4681 
8.2757 
10.4502 
-22.7706 
31.5430 
68.3477 
93.3027 
101.9255 
102.8263 
96.3805 
73.0461 
46.5031 
64.1949 
61.6386 
38.3525 
36.8946 
52.2577 
31.7825 
-6.3968 
-4.1857 
-12.5959 
23.0556 
41.4434 
15.7584 
-31.5981 
-10.3392 
-33.1772 
12.7509 
23.4353 
16.4350 
17.2115 
30.6963 
38.9638 
11.8251 
-21.3861 
2.4434 
9.2940 
43.6295 
45.5166 
23.2362 
-20.4823 
11.4464 
31.6929 
58.1820 
33.8716 
-41.0251 
25.1236 
46.2422 
31.1562 
18.9350 
21.2882 
38.6297 
24.9380 
42.4314 
30.8059 
-22.0581 
6.2134 
21.1546 
12.2098 
30.9612 
10.2737 
8.5962 
27.7928 
42.9121 
28.4190 
58.9388 
48.4501 
13.1570 
-3.2680 
-2.0446 
-11.1104 
-11.3963 
-21.7352 
18.4061 
17.7282 
-21.1789 
7.9030 
43.1745 
33.3729 
-25.4207 
24.8668 
15.5047 
-25.2147 
-4.1490 
11.3339 
20.5093 
25.4611 
-13.2360 
30.1047 
39.2954 
12.3216 
31.4193 
30.7514 
33.8093 
29.9499 
-11.8609 
3.0851 
-3.9517 
-20.0812 
-0.5558 
7.8797 
10.5689 
11.1955 
9.1042 
3.4068 
-5.7476 
12.0153 
16.4797 
4.0091 
-10.8586 
-4.0506 
-9.9254 
-2.4265 
-2.9150 
-5.1082 
1.5065 
-3.4736 
-10.9702 
-11.2094 
-1.6606 
1.0882 
-6.7272 
-11.0752 
-13.4860 
6.3507 
40.0868 
25.8499 
-33.4269 
2.0381 
4.9273 
-0.2725 
-1.8925 
5.1884 
-5.7511 
-7.4003 
-7.1729 
15.5079 
31.3045 
33.8595 
33.2090 
6.4592 
-11.1330 
2.8450 
11.1957 
20.4165 
12.7169 
-18.3413 
6.8715 
9.6019 
2.9349 
-17.5665 
11.7656 
9.4217 
-7.2258 
9.3684 
8.3790 
5.1669 
-5.6695 
4.4163 
10.5964 
-21.0297 
22.5024 
38.0980 
21.0120 
-24.3645 
5.6828 
4.9500 
-23.3695 
-20.5523 
-14.1885 
-3.8520 
4.5363 
29.4415 
48.4461 
57.4854 
28.9247 
43.6314 
27.2327 
47.4919 
33.5880 
-13.8562 
45.4712 
65.8385 
42.9998 
28.0377 
-17.7704 
-16.7031 
33.4437 
52.2145 
14.1146 
41.9935 
56.2436 
42.4431 
14.4448 
59.5725 
42.4809 
-49.0009 
36.1813 
31.2985 
-33.5619 
5.6930 
14.2553 
-11.8755 
29.0761 
22.0236 
-37.4405 
13.2173 
28.9588 
34.5402 
12.0802 
-35.7044 
23.3360 
38.5598 
14.4592 
-32.4242 
-6.5976 
-41.1539 
36.3082 
55.5066 
14.2397 
39.7344 
26.8180 
-8.8216 
6.5147 
6.1310 
-17.3489 
5.2561 
1.8273 
-31.4847 
10.2654 
22.8741 
22.3877 
14.7345 
9.2057 
28.8648 
23.3132 
-9.8267 
12.9830 
31.9013 
53.8915 
38.7904 
38.0069 
25.8989 
10.1317 
20.6226 
8.1017 
7.7931 
27.1955 
40.9802 
18.2033 
-2.6784 
-1.3155 
-4.1124 
4.0606 
7.3218 
-19.2109 
8.5597 
13.1570 
5.0342 
0.0690 
-2.1637 
4.2830 
3.0102 
-10.4123 
10.7448 
28.8249 
15.9475 
-6.9929 
2.1273 
1.3983 
-15.6964 
-13.6865 
-17.3490 
3.0356 
0.0707 
-8.3929 
-6.0287 
8.6895 
22.1538 
23.8134 
55.2350 
49.8551 
37.9676 
51.5998 
65.0266 
42.6005 
42.5554 
16.2849 
-10.1582 
21.5947 
26.0595 
20.5657 
17.8107 
-21.9393 
14.9736 
51.0605 
63.7661 
41.4997 
27.7883 
-7.5998 
-2.9382 
0.0157 
-3.8868 
-1.3334 
-16.3874 
-12.6441 
-5.5885 
-3.0490 
-8.9693 
-0.1988 
8.1055 
8.1405 
-9.6235 
-14.5208 
-8.6979 
13.1455 
21.0738 
20.3969 
12.4122 
-36.5801 
16.5532 
34.7404 
21.6038 
30.1149 
24.8866 
-9.6205 
0.5314 
-11.6389 
-9.1650 
-14.1247 
-2.4287 
-8.9310 
4.2968 
12.7980 
18.8346 
15.1126 
11.4377 
52.6753 
54.7366 
26.6972 
39.3064 
18.0854 
-34.9828 
25.9364 
48.9867 
25.4380 
31.8335 
18.3783 
-8.0559 
6.7791 
31.3253 
36.8364 
11.7815 
-34.4396 
14.9669 
23.8181 
5.0502 
-19.0074 
26.4977 
21.1233 
-30.5728 
2.9160 
9.5214 
51.3267 
52.3214 
10.3957 
8.5820 
7.9946 
-19.2762 
4.6718 
1.6856 
-7.6380 
-3.5782 
7.0536 
19.8182 
6.6291 
-7.7482 
6.1753 
-7.3326 
-15.1457 
-15.5529 
-7.2668 
-35.0176 
24.4209 
46.3764 
24.9243 
6.9573 
-10.3721 
1.0822 
-1.4219 
-1.9611 
-12.9912 
-36.1276 
-10.6347 
-4.1594 
0.0695 
-0.5123 
-22.3216 
1.2696 
6.5409 
14.4048 
28.9859 
21.7040 
-10.2617 
6.8743 
-10.9268 
19.8834 
22.5019 
10.2931 
-12.3677 
-4.0750 
-0.4409 
-7.3270 
-9.8148 
-37.4589 
-10.4963 
-21.8787 
5.9813 
5.2037 
-7.6990 
13.5772 
15.8746 
16.0466 
13.4335 
-22.5389 
22.7877 
42.8223 
43.9451 
21.8150 
22.3125 
17.9786 
18.2124 
3.8281 
-5.5946 
-1.4162 
2.6547 
1.8861 
-17.1986 
-9.6935 
-15.2990 
-0.5906 
-5.3929 
4.4031 
5.7222 
10.9104 
15.3551 
16.7622 
-12.1165 
12.3497 
-14.2305 
30.0648 
25.6469 
44.0868 
52.1096 
19.7116 
-33.6344 
5.2367 
7.1818 
-20.1547 
1.4927 
5.9549 
12.0379 
5.0785 
-26.0473 
11.4990 
22.4199 
7.0437 
1.0571 
-12.9381 
-5.3758 
13.4886 
20.6302 
18.4231 
4.5105 
-2.2890 
-0.2259 
-12.7904 
6.6946 
12.6995 
-8.6490 
-10.0287 
13.7618 
11.7937 
-31.3712 
8.9542 
21.5341 
10.5730 
-11.7380 
-4.4024 
-1.3934 
-22.8009 
19.7362 
18.1058 
-28.5996 
-0.8906 
-8.1773 
17.0364 
31.5923 
29.4673 
24.6211 
5.4258 
-15.6004 
14.5057 
29.0913 
22.9169 
42.6264 
23.8799 
-13.1858 
-9.2751 
5.2168 
9.7209 
15.6183 
-11.9323 
18.3891 
20.0917 
7.1000 
-2.4044 
-5.5022 
-1.3430 
-0.4778 
-5.6346 
-0.3282 
3.6145 
10.5027 
5.1322 
-7.2341 
19.2118 
14.8712 
-38.0619 
21.3289 
52.1969 
42.6141 
56.5949 
56.6570 
62.6194 
38.3523 
15.8453 
-24.8657 
-1.2595 
-0.3998 
-16.2199 
-13.5716 
-21.4479 
11.1120 
15.1373 
8.9203 
-4.7982 
-14.6756 
-0.4090 
-2.7757 
19.1828 
53.6227 
35.8159 
-24.0483 
-0.9748 
-3.7261 
-21.2018 
-16.1739 
-19.8168 
12.4779 
37.4765 
36.6407 
21.3907 
13.6459 
-18.8010 
-3.8950 
-10.7314 
-6.4774 
-6.5821 
1.5355 
-13.7801 
26.7566 
57.1119 
26.4028 
-31.7566 
0.1568 
-7.0083 
12.4142 
17.9969 
9.1391 
22.0664 
10.3912 
-23.6464 
5.9150 
27.5687 
22.9315 
11.0955 
-10.6283 
-15.8355 
-3.1878 
-11.1787 
36.1727 
60.3166 
63.1130 
35.4120 
-20.3646 
2.4857 
2.2448 
-18.3058 
8.3457 
9.3652 
9.6232 
42.8135 
35.3180 
-9.1101 
-8.8571 
26.7543 
24.8457 
-24.1693 
-2.9425 
-6.9041 
-4.8769 
6.5759 
5.8736 
-16.3041 
11.4523 
7.1032 
-17.3127 
-3.1449 
12.9565 
13.3032 
-7.8514 
-1.1250 
-9.2301 
-5.6505 
-17.9255 
-18.2748 
-11.3614 
-7.6608 
10.3644 
24.9181 
25.6345 
24.6142 
19.4678 
32.8911 
50.8020 
31.1556 
12.6826 
-9.7295 
23.0976 
28.9665 
9.7519 
16.5320 
9.1206 
13.7880 
-10.6670 
20.8956 
15.6282 
-35.1724 
23.5615 
40.6726 
13.0075 
-30.5006 
13.0197 
23.4874 
56.3714 
75.4938 
62.9147 
38.7124 
14.3511 
2.8213 
-0.3589 
4.1124 
8.3246 
7.9093 
4.5048 
-8.9439 
3.5034 
21.0689 
22.8868 
8.2975 
-12.5000 
-2.1341 
-29.2525 
26.8897 
48.8404 
14.3348 
46.9309 
44.7336 
10.9726 
18.2751 
18.3084 
-23.6514 
19.6784 
42.5328 
51.6673 
36.0380 
35.3479 
42.8328 
20.3583 
10.5123 
33.0263 
35.8371 
49.4940 
67.9871 
73.7792 
44.7908 
12.2226 
31.7494 
21.2969 
-22.8734 
-0.1350 
-6.1519 
-17.0250 
23.7949 
40.6444 
20.6081 
-6.9430 
0.3496 
-2.5493 
-2.7487 
-2.0769 
-1.1596 
3.9468 
23.4622 
18.4706 
-5.5840 
-4.1785 
-1.6838 
-17.9875 
3.0234 
5.0837 
-18.0007 
-6.7175 
-23.2362 
16.8805 
14.5907 
-36.3423 
19.1048 
26.5463 
-12.7763 
38.7063 
61.9612 
52.1964 
12.5133 
-22.0688 
-1.1901 
-5.6471 
7.0988 
23.0071 
10.2428 
14.7212 
19.4231 
11.1308 
43.2469 
48.8940 
27.0708 
8.7822 
-15.7806 
-7.3202 
-10.0099 
-4.8348 
1.5020 
3.9007 
-9.8282 
1.2502 
-0.6729 
-13.2687 
-8.9975 
-6.8199 
-2.5938 
-13.9094 
-9.4759 
-11.1699 
12.2751 
15.2256 
-36.9766 
12.4151 
19.2903 
-9.1977 
7.0793 
3.7366 
-11.5045 
-5.2704 
-11.2715 
2.2034 
7.3676 
35.6590 
58.0245 
31.9055 
-20.6549 
-3.4201 
-23.8816 
5.2966 
8.4456 
-4.0889 
-11.3947 
15.7934 
33.2276 
13.9913 
49.8144 
45.2110 
65.0236 
50.5195 
38.2111 
29.5921 
-9.2409 
0.5220 
-5.2069 
-12.8647 
6.3010 
10.9138 
15.7616 
-12.2132 
12.2911 
-13.1279 
32.3246 
51.1635 
41.2662 
59.1131 
60.3192 
40.6778 
13.1195 
32.4013 
14.1541 
-6.6734 
-7.8802 
-4.2241 
9.1966 
12.2272 
10.2458 
-13.9113 
17.8961 
56.1758 
31.6007 
-20.4588 
3.6538 
8.9469 
27.2086 
12.2225 
10.1234 
-34.5327 
15.5938 
39.0617 
40.4347 
11.3677 
22.8734 
64.9366 
73.3981 
30.4176 
-24.1392 
-13.9287 
8.7465 
11.0845 
15.2696 
-10.5302 
24.0427 
38.5844 
11.5477 
20.9562 
37.6564 
13.3608 
29.0558 
12.2214 
10.4666 
-4.6610 
-0.3131 
-8.5863 
9.7563 
10.5971 
-20.2342 
8.6027 
24.1195 
10.8062 
-12.5117 
1.4882 
-11.5670 
-15.8456 
-27.0165 
10.8931 
23.4397 
9.5372 
1.6236 
-8.2725 
-11.7023 
-12.0709 
-5.4714 
-2.3018 
-0.7328 
-0.2337 
-3.1232 
-14.9704 
-26.6037 
8.3885 
2.9695 
-27.5121 
-15.0697 
-3.4115 
-5.1206 
-16.2746 
-12.1962 
-9.5107 
-11.9822 
-17.0840 
-1.1448 
3.8739 
-3.0325 
9.9781 
21.5052 
12.7586 
-42.2902 
15.7672 
23.2887 
5.2680 
-7.5510 
12.5955 
8.6196 
-27.2710 
2.6475 
6.8271 
-17.0910 
-24.7884 
-10.6667 
6.9881 
-6.7717 
8.6905 
28.3578 
19.3704 
20.8977 
12.3738 
-4.8572 
-14.7597 
12.0773 
12.7326 
50.6300 
68.6814 
75.9441 
86.0407 
77.4543 
64.5024 
22.7888 
12.8577 
4.1057 
-4.6829 
0.8463 
-17.6713 
24.9693 
47.3576 
56.7899 
48.4102 
15.7226 
-23.3957 
3.1028 
13.8223 
8.1512 
-12.8762 
2.4111 
5.0832 
-9.7507 
19.4259 
15.5973 
-31.1066 
13.8656 
20.5793 
-11.5811 
23.5498 
27.9035 
8.2935 
-14.0749 
-15.9116 
8.4002 
16.6913 
-20.1550 
6.1792 
6.4350 
5.1874 
7.6187 
3.8953 
-8.5939 
28.1596 
18.5350 
-28.1080 
1.1532 
2.5840 
-8.5357 
32.5494 
52.3158 
23.2472 
-3.3439 
-4.7201 
-4.9526 
-1.6844 
0.1123 
-12.9979 
-4.8597 
0.3199 
0.7468 
7.7807 
7.0038 
-7.7229 
-5.1311 
-28.2113 
3.5300 
9.3607 
9.7928 
-23.9178 
16.5256 
18.2431 
-10.8091 
2.9086 
-9.7800 
2.4183 
-7.2346 
-9.6228 
-15.9097 
-3.5866 
-12.1964 
3.5150 
-8.0525 
-10.3957 
-6.6068 
-22.0189 
-9.5119 
-6.1705 
2.2265 
9.8020 
5.0260 
-37.7980 
20.6969 
40.7666 
26.2989 
10.7646 
8.0163 
-17.5734 
1.7229 
2.2580 
-7.9477 
5.4019 
5.5398 
-4.4762 
7.0402 
6.8384 
-8.6266 
-22.8312 
-10.6416 
-5.7256 
24.3859 
36.2509 
11.8882 
5.4047 
-12.3758 
-6.9193 
-4.5326 
-5.3584 
-1.1148 
-13.2760 
7.4573 
18.4758 
21.4829 
4.6122 
-11.2396 
-3.9904 
3.6445 
6.9904 
2.0855 
-7.1013 
-3.4776 
7.9598 
13.6585 
16.8367 
31.4725 
29.8149 
10.3002 
-15.7200 
12.4832 
23.7047 
6.8308 
-17.6636 
20.6330 
31.5596 
9.4701 
4.8186 
-28.1750 
9.0751 
6.2086 
-12.7284 
-11.5544 
9.6413 
33.7740 
44.3291 
31.1889 
-8.4204 
-5.0873 
8.1244 
45.3175 
54.4114 
48.6431 
10.7782 
9.5930 
32.0405 
19.9564 
-4.1845 
-0.9107 
1.7436 
-4.9113 
2.3475 
7.9739 
5.1887 
5.9431 
16.8338 
13.8738 
-43.4906 
35.1424 
69.9659 
62.1366 
27.6758 
-11.9236 
-11.4900 
4.6678 
30.6305 
33.2676 
12.2710 
-23.5581 
36.0680 
40.1234 
-12.0120 
-0.3210 
-26.6800 
-2.7218 
-20.1742 
18.0711 
26.1198 
57.9203 
54.5184 
26.3373 
7.0769 
0.8602 
-9.4825 
1.4099 
-11.8385 
-10.6273 
-22.5954 
22.2787 
52.7888 
43.6284 
23.9110 
25.8258 
-13.1879 
32.1169 
23.6276 
-37.0611 
17.0212 
13.2502 
-29.4990 
-3.8069 
-3.1581 
-7.7442 
6.1109 
44.8523 
68.3251 
56.9893 
43.0037 
-14.6667 
12.4434 
-11.7628 
10.6136 
4.6474 
-17.3335 
-13.1581 
-13.5316 
-4.2461 
13.5494 
12.1721 
-5.4381 
-11.8836 
-8.8832 
-6.1674 
-0.8511 
-22.7387 
-22.8453 
-32.9283 
-8.2084 
-7.3046 
-1.2674 
-26.0475 
5.2289 
15.1396 
9.3146 
27.6534 
18.6650 
-10.2004 
-13.4938 
-17.2508 
-5.6414 
-15.0424 
-18.4285 
2.2045 
16.1114 
5.8524 
-9.2743 
-4.7139 
-11.0102 
-3.7788 
2.3054 
-2.9347 
-1.9554 
0.6957 
-10.5462 
-14.1510 
-18.1699 
2.0205 
-5.0036 
-14.7657 
-11.5358 
28.3177 
53.7489 
28.5220 
54.3274 
42.0159 
-31.8166 
36.3333 
44.2469 
28.0514 
17.5517 
15.6886 
3.4433 
-24.1872 
6.5056 
15.5079 
8.8173 
-37.3677 
34.7090 
60.3762 
32.6144 
14.4328 
-4.9974 
-3.0688 
2.8541 
7.0627 
5.0807 
5.5403 
12.3587 
18.3978 
14.0746 
9.9890 
14.4345 
-28.1054 
18.2608 
19.0017 
5.6415 
-18.8692 
-1.2024 
-14.9658 
5.0835 
6.9504 
-11.1376 
49.3836 
78.1506 
59.8969 
28.1460 
47.7211 
38.3587 
15.5990 
3.4144 
-26.3749 
17.7427 
31.9502 
8.9183 
6.5272 
10.2039 
48.2328 
47.1365 
13.6234 
-18.6318 
3.6856 
-10.7036 
30.3031 
46.8971 
18.6605 
-32.8621 
-1.8967 
-11.2503 
-6.4314 
-11.3528 
-2.4134 
-5.0430 
12.3879 
16.6679 
10.6956 
-11.9502 
50.6576 
77.1253 
62.4915 
74.0593 
54.5615 
19.4912 
7.6964 
-2.9173 
-5.1868 
-0.2307 
-6.3414 
17.6310 
43.2924 
64.6959 
52.5329 
18.8678 
-18.0339 
9.3630 
2.5047 
-2.9559 
11.0116 
15.1459 
5.1208 
-11.9121 
2.8635 
7.4481 
-12.3520 
1.1311 
24.1578 
46.4122 
28.2783 
-5.0126 
-16.8622 
-24.1815 
-18.4015 
-9.8022 
-0.1552 
7.1536 
3.0113 
-3.2139 
-6.8310 
-22.8029 
23.3346 
38.4054 
31.1756 
29.0104 
10.8429 
29.5090 
30.2014 
7.7521 
-10.0034 
2.2832 
-1.0778 
1.1252 
2.4760 
-5.6979 
13.4379 
33.6570 
21.2294 
-9.8719 
-3.4392 
-12.2779 
-3.4095 
7.2766 
17.9198 
41.8354 
47.9634 
28.5844 
-20.7842 
5.5190 
22.6799 
14.4464 
-17.6999 
-13.3395 
-7.8035 
-7.2869 
-14.5118 
-4.2894 
-2.0836 
-13.4314 
-9.3335 
-13.8392 
10.3440 
25.0850 
8.4434 
-20.6706 
-7.7717 
-9.9060 
-2.5031 
-2.8609 
4.4164 
-14.1951 
-14.0247 
-0.4663 
-8.9074 
-8.7969 
-2.9160 
-13.5519 
-5.0044 
6.1462 
0.8876 
0.0766 
-0.4773 
-3.5337 
2.5172 
8.3984 
-0.7044 
-8.6143 
0.0360 
-12.8552 
0.3786 
7.8263 
6.9158 
2.0828 
-1.4441 
-7.5514 
8.6404 
36.0299 
55.9958 
27.1577 
-31.5539 
8.2692 
22.3090 
16.4591 
2.4228 
-1.5377 
-9.8241 
-12.6662 
-5.4647 
-3.0526 
-5.3046 
-3.1228 
-7.7356 
-31.4237 
15.4207 
30.4242 
12.7897 
-10.4792 
35.5491 
53.0523 
18.4839 
-16.7608 
0.9895 
-1.6911 
-3.8378 
-24.3773 
3.9308 
16.7705 
18.0583 
9.0236 
-3.3596 
1.0667 
-13.2634 
2.2770 
1.5492 
-9.8685 
3.9304 
-5.4663 
-8.0936 
-21.7921 
18.1770 
28.6309 
17.6595 
3.4514 
-23.7237 
17.5563 
56.0690 
50.8450 
11.6560 
-4.9613 
-8.4675 
-11.7453 
-4.7623 
-4.7405 
5.8219 
36.0979 
40.0201 
19.3913 
-9.9254 
8.3595 
-11.1607 
29.0423 
51.8551 
78.5054 
79.2123 
40.5168 
-24.9909 
20.2198 
13.2892 
-30.7721 
4.7645 
24.0198 
22.8894 
3.5640 
-14.8012 
-0.3291 
-8.1001 
27.2365 
45.4876 
46.5072 
28.8322 
10.3820 
-7.4304 
-14.3646 
11.2495 
30.9622 
15.2172 
-34.9861 
24.8853 
48.6540 
33.6009 
8.6762 
-26.8829 
-13.0280 
-16.3343 
-0.7641 
-0.0660 
0.2175 
8.1825 
-3.4815 
-7.6583 
0.3451 
-17.9369 
-24.5162 
-3.5588 
5.7526 
4.6694 
-9.8544 
26.1177 
61.6629 
47.7900 
13.7614 
-18.8090 
18.0405 
44.5568 
63.0583 
47.4958 
31.1983 
27.7240 
21.2079 
3.2339 
0.1491 
7.9619 
0.6732 
-8.5542 
-22.7948 
1.7419 
11.3674 
26.8024 
12.3055 
4.5323 
-11.8887 
2.2737 
1.9077 
-3.0933 
9.7457 
29.6719 
21.7152 
28.5600 
18.8961 
-5.4924 
-13.5851 
-7.4837 
-2.8919 
-12.5855 
16.2779 
19.1300 
-4.9644 
-2.9265 
-2.6323 
9.1149 
23.5135 
21.7378 
37.9898 
22.3529 
-20.9541 
4.8989 
3.4120 
-25.4116 
6.0948 
12.9818 
-4.3781 
-2.6655 
2.9324 
1.3877 
-12.1743 
2.8033 
9.4987 
10.4227 
44.5414 
44.1447 
26.1901 
9.7137 
22.1941 
25.0737 
16.2074 
-26.1126 
40.0670 
58.4885 
40.8097 
49.2336 
34.1403 
29.0685 
15.5822 
-33.7088 
7.9065 
10.1818 
15.2258 
-10.2091 
7.1082 
-10.9431 
36.3529 
47.4207 
14.7011 
-4.5777 
-1.7249 
-16.6561 
33.3028 
59.5169 
49.2435 
42.3620 
29.1875 
18.1801 
18.7829 
26.5883 
10.7732 
30.0195 
34.8420 
-15.2642 
36.4748 
37.1820 
22.7147 
-20.1740 
3.8193 
-10.6875 
38.1893 
29.9413 
-33.4847 
5.8733 
36.9614 
64.8868 
41.2084 
-9.0759 
-0.7570 
-6.1002 
-8.4433 
-20.0456 
-10.5908 
-22.1648 
15.9046 
35.6094 
16.8012 
9.5017 
34.0394 
20.4751 
-32.6859 
2.3656 
-10.9391 
46.1623 
70.2544 
49.4571 
31.3774 
7.2969 
2.1975 
-11.4570 
-0.6144 
1.0196 
0.8308 
4.4987 
-1.9594 
5.7659 
18.1120 
10.8504 
32.7588 
28.5871 
21.0010 
30.0542 
14.7520 
3.1743 
-1.5919 
-5.6150 
-1.9582 
-6.2933 
11.9577 
10.7861 
-20.1971 
-9.7518 
-27.5556 
8.3341 
27.2278 
33.2481 
35.2090 
9.0143 
-7.8199 
-6.3348 
2.8624 
16.9514 
10.7349 
-4.0617 
-3.9110 
-6.2310 
26.5010 
30.7013 
-10.2787 
5.7844 
-10.1411 
26.9991 
29.5264 
3.6914 
-7.1232 
2.0049 
0.4811 
-2.5656 
5.7017 
15.9399 
27.6703 
16.3269 
7.9936 
4.9337 
-30.5487 
17.3772 
39.9140 
21.9107 
-8.4553 
8.8486 
14.8269 
25.0954 
35.9912 
17.9332 
-31.8101 
6.5661 
8.3847 
-5.5967 
-5.1772 
-2.4338 
-3.9761 
2.1880 
18.4969 
9.6829 
-16.9473 
-7.3784 
-3.4004 
2.5984 
-7.4660 
-1.6246 
5.9516 
-26.6162 
-21.5745 
-12.1841 
-4.0910 
3.9489 
7.4324 
1.3706 
-1.7980 
-2.6029 
-4.3911 
2.9422 
10.8308 
7.7995 
-6.6757 
5.1590 
-0.3774 
-0.8812 
10.4932 
4.2224 
-32.7916 
13.2114 
31.1890 
11.8378 
-9.4869 
2.8017 
-6.0537 
7.2171 
28.5597 
23.8014 
45.5223 
62.9285 
45.0928 
55.6327 
27.4203 
-12.3361 
34.3419 
38.0084 
7.5209 
-7.8618 
17.2621 
16.2803 
-6.2710 
-14.5439 
13.1185 
21.7680 
6.2518 
-26.8150 
-9.9001 
-21.2748 
5.9207 
5.4526 
-9.3171 
-5.6439 
-11.6676 
-26.8391 
12.3948 
34.7064 
39.0080 
32.9485 
33.8859 
19.7403 
20.9850 
38.7227 
26.2236 
6.9300 
-11.1740 
37.0107 
45.3330 
77.5875 
86.3868 
54.9406 
-14.8122 
6.1220 
-5.5188 
-11.4763 
1.1288 
7.2684 
23.0791 
16.0945 
7.2920 
14.7043 
22.5095 
11.2575 
-8.3527 
7.5383 
4.7437 
-5.8043 
-2.7912 
-30.1003 
-8.2027 
-10.5847 
7.9795 
3.5833 
-25.6749 
1.9983 
7.8480 
7.9818 
24.0692 
22.4969 
39.8192 
25.1169 
-7.1951 
-7.3320 
29.0023 
50.8540 
32.5046 
19.1072 
4.2430 
-2.1373 
-6.3957 
4.1548 
22.0752 
28.8515 
15.6773 
-38.4126 
-5.8459 
-8.6422 
4.7931 
12.1336 
8.6088 
2.9557 
-10.9409 
-8.5461 
8.6824 
25.5927 
10.9963 
-11.4695 
-18.0164 
-22.1465 
-17.1930 
-1.3008 
-0.4439 
3.7291 
13.2879 
4.1972 
-0.9117 
-6.5045 
-13.7164 
-1.9692 
-16.4283 
22.5581 
36.1894 
8.4231 
4.4324 
-2.8685 
-12.6745 
-11.6696 
-7.3380 
0.9631 
-6.4686 
-11.1577 
-23.3246 
3.1212 
19.1030 
33.0480 
36.3115 
9.5697 
-11.4150 
4.7542 
3.0039 
0.9308 
-2.3845 
6.8230 
22.1820 
27.6337 
10.7917 
-3.9536 
-4.3971 
-8.6942 
-23.5777 
-3.6969 
-6.3708 
7.6425 
39.7105 
40.7672 
22.5093 
35.5136 
39.0212 
13.0969 
-15.7499 
2.4949 
-6.9071 
-19.4383 
-22.9407 
1.3680 
2.0650 
-26.1260 
16.3003 
44.8907 
64.4066 
32.4734 
-33.9351 
-5.3124 
-26.6253 
12.7901 
16.9782 
-8.3601 
-5.8738 
-0.5789 
9.6906 
3.2302 
-11.4858 
-9.2427 
0.7212 
-9.4835 
-11.5951 
-0.4280 
-2.2644 
-4.8858 
6.8196 
1.1664 
-25.5148 
2.0091 
7.6136 
18.1768 
8.9209 
-10.3192 
-2.4366 
0.6907 
-4.7854 
3.2238 
20.5735 
16.6036 
-24.5466 
35.2761 
60.0755 
29.2736 
-38.0267 
-14.4256 
-22.0262 
-6.8750 
-13.2741 
-6.7397 
-23.2932 
3.9064 
13.0861 
-6.3475 
-1.7954 
-26.0223 
-15.6914 
-5.6235 
-12.2461 
15.1219 
13.5152 
-33.5076 
17.6104 
37.5153 
21.8406 
12.2507 
-4.2145 
-3.0998 
-3.9230 
9.8584 
10.6765 
-18.0698 
6.9814 
7.4157 
-13.7792 
6.3807 
16.0028 
33.7867 
25.6128 
-25.5189 
27.7649 
55.1132 
37.8822 
-29.0129 
5.7396 
-11.8417 
1.1211 
-4.3704 
-15.3981 
3.4561 
14.0881 
22.5234 
8.2885 
-25.1572 
-3.4210 
-1.8452 
-10.4779 
-4.0683 
2.8370 
-14.2086 
2.2301 
15.6362 
14.3590 
-9.3583 
3.2443 
-9.1553 
12.0370 
9.0084 
-1.8074 
-6.1552 
-10.1826 
-4.0208 
-6.5331 
1.8160 
8.6794 
-10.8815 
0.8055 
-1.9373 
-2.7533 
2.9694 
-9.3225 
-14.8269 
-3.3262 
-2.0079 
1.8388 
5.2252 
17.5401 
38.6498 
27.5711 
46.7360 
25.7773 
-5.1387 
-6.5894 
2.8373 
-1.6547 
-8.4379 
-9.8236 
-7.2084 
-8.2102 
9.3960 
6.3339 
-34.7237 
21.3688 
34.6273 
8.8774 
5.6419 
-18.8240 
18.3837 
10.7533 
-14.4146 
4.7416 
-4.8187 
3.0321 
23.7612 
35.9242 
55.6943 
43.5053 
51.2904 
25.6280 
17.6869 
-5.1008 
-13.8030 
2.6940 
10.9114 
14.2833 
25.4850 
8.4863 
-24.6735 
-2.0246 
1.1756 
2.1567 
3.5888 
-11.7152 
8.9302 
33.0619 
36.7897 
25.6840 
54.9729 
65.7742 
56.1610 
25.9163 
36.9469 
52.4005 
16.3584 
65.5853 
75.6096 
71.9539 
32.6485 
-20.5355 
7.4580 
35.0257 
37.8540 
31.5434 
-10.6325 
6.4267 
23.0516 
35.5331 
29.8913 
9.4660 
1.2030 
-13.5629 
-2.4854 
1.3450 
7.4994 
10.2154 
-9.4251 
6.4146 
27.1815 
15.1034 
-27.3490 
2.6021 
9.2036 
42.6419 
43.4242 
25.8592 
10.1132 
21.9262 
10.5803 
29.5880 
31.3068 
12.7899 
-3.1675 
2.6702 
9.5241 
13.2142 
0.4038 
0.5466 
-2.8768 
-22.9953 
-6.4082 
-15.3725 
14.5629 
30.7605 
13.7947 
-30.1628 
10.5683 
21.8355 
8.5716 
-28.9600 
-14.5466 
-25.4303 
5.5487 
38.6254 
35.5479 
-10.8066 
8.0750 
36.0495 
36.7291 
18.4439 
16.6534 
10.5247 
-35.7405 
19.8735 
22.8253 
-5.4874 
-22.2081 
-18.1897 
-14.6616 
-7.3544 
31.3949 
22.2732 
-20.9082 
-15.3231 
16.7615 
48.8812 
41.7620 
55.1575 
52.6012 
49.4500 
24.8576 
34.4709 
19.8657 
-18.3833 
7.3161 
11.5388 
3.4483 
-2.3285 
-2.3819 
-2.1502 
-1.2121 
-16.1904 
4.3578 
15.8883 
20.0948 
47.2948 
50.3359 
24.3514 
-11.5768 
32.2810 
59.8935 
60.6842 
25.6877 
-10.3217 
12.6974 
7.5561 
-11.7288 
-3.8483 
-21.8950 
0.1103 
7.6055 
-1.2100 
-15.4080 
-1.2196 
3.1894 
14.0148 
34.9822 
45.6807 
25.1430 
-7.0330 
-7.6658 
-0.8004 
-24.2989 
19.3882 
33.8319 
40.3929 
14.9202 
-6.8967 
2.2610 
-6.8204 
7.9259 
9.1851 
-0.6318 
-26.0057 
0.7733 
2.1760 
-8.0868 
4.6537 
5.1772 
-11.5073 
-7.0494 
-4.8485 
-15.8551 
15.7901 
45.2265 
43.8813 
38.2459 
16.6725 
-9.9027 
-18.7126 
1.5052 
9.8377 
19.0371 
8.8078 
18.4414 
33.4891 
12.9337 
-12.8541 
-3.8840 
3.2935 
5.8061 
-7.3799 
-8.0008 
-21.7064 
-10.0944 
-5.2848 
0.6390 
-2.2035 
5.5220 
26.9231 
31.2939 
14.8607 
-30.9107 
8.2589 
27.9634 
41.5259 
16.7797 
-25.4162 
3.1465 
6.6654 
11.4919 
-12.5445 
52.0128 
85.3927 
83.2534 
61.0128 
23.7700 
-11.6570 
-6.2844 
4.5266 
13.4562 
5.9985 
-7.7941 
-1.1562 
-7.4927 
0.1866 
-4.2161 
-5.2295 
-7.8826 
-2.6396 
-12.2752 
-2.7133 
-9.7934 
-11.4812 
-9.5283 
-3.8016 
-0.9851 
-17.0066 
16.4494 
37.7507 
19.4386 
5.7222 
-20.0241 
2.0114 
0.5756 
-26.7441 
16.6120 
35.3988 
12.1693 
29.5584 
46.6465 
38.6118 
41.3365 
14.0499 
40.8900 
22.2133 
-22.9815 
12.7197 
10.0959 
23.4597 
13.3308 
-33.5741 
3.3736 
6.6847 
6.4900 
1.9107 
-0.9863 
1.8854 
4.2886 
-5.4659 
3.0297 
21.5765 
29.8733 
15.5944 
7.2230 
-0.0844 
-4.5430 
5.0002 
-6.0253 
3.0968 
17.2415 
15.1655 
13.4758 
-11.7571 
31.0067 
37.4493 
38.6898 
19.0982 
6.1643 
-19.4011 
-0.5347 
-5.4702 
11.8568 
39.1405 
63.7584 
37.6381 
-5.9439 
-5.2083 
-8.0113 
12.3116 
31.4467 
33.0369 
6.5424 
-31.0345 
7.0125 
13.3756 
-7.1130 
6.9316 
37.4492 
59.8818 
42.7340 
17.8777 
8.3813 
19.8855 
44.1799 
23.7120 
-36.4572 
-16.9533 
-26.9777 
-1.6844 
-5.2072 
1.7156 
-7.9804 
17.7794 
28.7478 
19.3837 
-5.9153 
-25.8971 
8.0987 
13.6965 
49.1166 
48.2176 
35.6444 
16.0547 
7.2035 
5.9086 
-3.9657 
-1.3696 
-5.9445 
-7.6357 
-22.2907 
-5.1446 
-4.8063 
-11.1385 
-14.6166 
-9.0755 
-6.3879 
5.2556 
17.8477 
46.3131 
58.2883 
46.1171 
16.8057 
4.2828 
-5.7473 
-4.2413 
-22.4818 
3.5444 
4.1867 
-6.0548 
-15.9922 
14.5503 
40.0704 
24.6014 
-8.9493 
8.1136 
10.9656 
8.4316 
28.2875 
15.7914 
-31.1421 
4.1821 
5.6183 
-14.9668 
12.3262 
11.4913 
-5.4827 
-1.8724 
-1.6187 
-3.4941 
-1.8217 
5.8488 
36.2618 
52.3776 
35.2481 
4.4795 
-13.4241 
-1.9740 
-1.5497 
-3.2923 
10.6992 
9.5454 
-7.9514 
0.3191 
-12.2028 
-8.8687 
-29.3509 
12.1196 
29.1699 
25.2961 
-12.0356 
23.0608 
32.7449 
17.7556 
-32.1397 
5.8587 
27.9674 
24.2046 
8.3699 
6.3536 
-33.6846 
19.3319 
37.8271 
54.1499 
28.9543 
-20.9973 
13.3859 
31.8402 
21.1775 
24.3979 
22.8118 
13.8658 
6.5436 
8.2204 
12.3976 
-27.0625 
30.7522 
28.8317 
-20.5559 
8.6024 
18.1692 
14.5405 
2.1708 
-12.7045 
-0.5359 
-0.2485 
-17.4585 
10.2407 
36.3401 
33.0015 
20.9965 
-10.6967 
-3.1930 
-30.4686 
10.4767 
23.2302 
8.5091 
-4.7131 
-3.4638 
-2.8511 
-9.9389 
11.4021 
35.4121 
29.0664 
16.3586 
16.8955 
27.3062 
11.7024 
-7.3312 
3.8989 
-3.6467 
2.9423 
-5.8642 
-13.4868 
-5.2080 
4.3945 
7.3681 
-2.5385 
-5.0417 
0.5285 
-3.2829 
-10.4350 
12.6673 
6.0045 
-31.1447 
-3.2864 
-16.9658 
17.3197 
38.4560 
28.2531 
12.3287 
35.8001 
13.4790 
38.4961 
51.3709 
53.2491 
13.2685 
29.3538 
41.2207 
41.7615 
70.3807 
67.3640 
40.2952 
-11.8505 
13.6998 
10.4515 
34.6305 
28.8933 
6.2454 
-0.3276 
1.0242 
7.9717 
-0.3654 
2.1103 
8.0635 
2.6330 
-11.3794 
-1.3212 
-8.4212 
16.8062 
25.1507 
24.1811 
21.7979 
17.5717 
8.1159 
-3.4137 
4.0356 
9.9816 
15.8197 
14.5749 
6.8171 
11.7807 
3.5184 
0.6903 
6.1198 
5.5290 
4.6610 
-0.2402 
-6.0335 
-6.5572 
4.7995 
7.8491 
-20.5136 
-4.9098 
-26.0476 
11.5349 
10.1925 
15.7598 
8.7300 
-6.3316 
6.6654 
35.1103 
20.4697 
-11.8135 
-0.1431 
-0.2793 
-0.5389 
-5.3650 
-3.0283 
-5.0373 
-6.0303 
22.2950 
43.0900 
16.8485 
-17.8819 
-3.2427 
2.2678 
5.1369 
-7.6788 
14.0948 
17.9956 
-28.7110 
38.5077 
57.8132 
27.0861 
35.6327 
26.9502 
51.8308 
35.6570 
21.7615 
-13.4769 
51.1528 
70.1957 
39.1645 
6.5872 
-16.9661 
16.3095 
33.9696 
35.3932 
30.3020 
-11.0889 
11.4261 
6.7668 
-27.8075 
10.1977 
32.4048 
21.3145 
-5.7353 
-1.9589 
-5.0086 
16.3428 
36.4321 
44.9615 
45.4169 
25.2359 
15.6235 
-17.1937 
-0.6989 
0.5800 
1.0363 
-3.8140 
2.7208 
9.6513 
25.8974 
12.2065 
-33.0141 
21.4520 
37.8924 
24.9922 
49.1999 
38.9824 
-13.9727 
33.6534 
36.6728 
13.8827 
-25.5913 
47.4181 
81.8729 
63.1013 
12.9293 
23.5390 
22.0876 
9.7530 
-21.2335 
7.9046 
8.0024 
2.8504 
-16.7350 
11.3891 
12.9443 
-14.3255 
5.3902 
-5.3260 
-22.2307 
-5.0275 
-12.5233 
-12.0482 
-9.6834 
15.5152 
19.2063 
-27.6098 
28.8803 
45.4961 
39.9008 
11.7038 
-31.3292 
7.4262 
11.4513 
12.3591 
-6.7698 
-11.5246 
10.9428 
15.5463 
-10.1963 
13.3512 
10.6672 
4.4551 
-29.7422 
4.6873 
23.4823 
29.5584 
20.7875 
-8.5592 
-1.1169 
-20.3796 
1.6177 
5.0843 
-15.4561 
0.1085 
-10.7883 
9.5827 
5.4576 
-26.4708 
19.3537 
27.6622 
-12.2788 
18.0627 
14.1974 
-5.6726 
-6.7198 
25.4442 
52.0153 
33.3567 
-24.8836 
9.1796 
5.8728 
-24.6354 
-15.7291 
-2.3194 
-3.3911 
-4.9574 
-3.3557 
-2.7694 
-26.6873 
-12.1505 
-7.4218 
-1.7745 
6.9918 
8.6184 
-9.0980 
14.5376 
24.0417 
29.0957 
30.7772 
9.9674 
3.4458 
-7.7262 
-3.1719 
-7.1199 
-14.1445 
0.0764 
5.4056 
1.8149 
-1.8423 
-3.0363 
-2.5196 
-5.3356 
4.1396 
18.7228 
18.8972 
2.9002 
-2.8087 
-6.2769 
-19.5972 
-20.5000 
-7.3487 
-16.3138 
-9.7727 
-37.1404 
16.0700 
30.4121 
27.7678 
10.7500 
-23.7859 
-1.4839 
-8.9697 
4.7612 
30.5852 
52.1580 
28.4729 
-36.8089 
10.8801 
20.7753 
19.7186 
11.6967 
-4.5151 
-1.7873 
-5.4332 
-22.1693 
-14.5777 
-10.2537 
22.8320 
38.8573 
10.7255 
2.5627 
-21.0012 
2.0544 
-5.6094 
-3.4264 
0.1500 
-4.9679 
2.7055 
6.8837 
-2.1395 
2.4437 
27.0273 
27.6392 
-11.9332 
23.5783 
39.0332 
19.6862 
12.7875 
8.7920 
1.6459 
-23.0100 
-26.7375 
-7.4569 
2.9119 
2.6831 
2.8071 
-11.0792 
-24.2425 
-8.1999 
-0.0481 
-5.4091 
14.9103 
22.3281 
9.4848 
25.3005 
24.7301 
13.7691 
-7.9945 
5.0065 
2.5693 
-9.5321 
-1.3023 
-6.2600 
11.1123 
8.8152 
-3.1073 
-8.7016 
0.4007 
5.0398 
15.5259 
39.4718 
62.8165 
74.5427 
58.0701 
19.6223 
-19.1387 
0.1335 
-14.8356 
25.2927 
39.9022 
9.7902 
15.1831 
2.5202 
-16.8736 
2.2167 
-10.7772 
7.6602 
30.5752 
31.0072 
27.3066 
8.5164 
-24.1408 
10.2563 
34.1386 
21.5934 
-40.9407 
23.6132 
35.9287 
35.8879 
24.1830 
34.6381 
12.1762 
28.3366 
21.1175 
31.2261 
44.5135 
31.8031 
22.0339 
8.0123 
11.6374 
12.7773 
6.7188 
-13.7725 
2.4594 
-0.4450 
-6.9010 
-3.1716 
4.8768 
5.7088 
-19.4002 
9.5125 
12.9645 
6.3659 
7.4643 
-10.9072 
39.9842 
40.7330 
-11.7200 
7.5297 
-10.6344 
-0.4115 
-41.7386 
32.1165 
59.0733 
32.1420 
-11.2397 
-5.3687 
-16.7508 
-20.2408 
9.6762 
24.0114 
43.8227 
55.3657 
26.6617 
-11.6013 
30.8908 
50.7648 
42.0499 
26.1677 
13.0315 
4.0573 
-6.5606 
-2.9731 
-3.3532 
-5.3650 
-4.5789 
-9.1495 
4.0071 
2.3351 
-20.4987 
7.0990 
9.0741 
5.1898 
-3.7136 
-7.8762 
-0.4148 
3.1150 
1.5202 
-13.1461 
3.6806 
6.9329 
11.4224 
4.4337 
-21.0029 
38.0270 
59.3958 
27.7759 
45.1418 
22.2501 
-27.5646 
2.7749 
7.4792 
2.4515 
-8.0394 
1.2918 
3.7847 
0.3005 
-11.4502 
0.5549 
6.3071 
6.6270 
1.3014 
-23.5943 
-18.6360 
-4.8352 
-7.3503 
4.6637 
15.8282 
2.5841 
-13.6224 
0.3589 
-2.1414 
-3.7978 
-4.8519 
-8.4613 
-22.6603 
19.3963 
21.3419 
-8.7457 
5.4556 
21.8830 
28.5136 
10.7159 
-3.0366 
-7.2138 
3.6562 
13.3845 
6.3038 
-3.3877 
-5.6791 
-3.0603 
0.5227 
-12.0021 
5.0409 
22.3120 
23.9213 
8.8035 
16.8454 
29.5833 
11.9650 
-18.0150 
-5.6870 
9.8019 
10.9116 
-13.1114 
3.8440 
17.1155 
48.9032 
52.9311 
16.7754 
-23.9957 
38.8248 
70.7175 
53.5083 
14.2236 
32.9002 
10.4279 
12.5481 
4.2938 
-19.4123 
1.7404 
0.1226 
-10.5043 
-0.7313 
-15.0326 
7.5487 
11.1402 
28.7518 
21.0568 
18.0111 
-11.3512 
22.2375 
15.2382 
-10.7043 
-2.2643 
-11.1998 
-1.9733 
8.3048 
-12.1220 
-0.3178 
19.0749 
3.4229 
-11.0072 
3.2925 
6.9157 
24.1507 
19.6544 
-24.4548 
12.5138 
15.4805 
7.5084 
-13.8309 
-1.8256 
-31.2061 
26.2932 
55.3059 
32.1437 
-9.4845 
3.0700 
-6.6600 
4.7489 
2.5427 
-24.1818 
12.5478 
32.4118 
55.4775 
63.6946 
23.7477 
-16.2344 
-5.2418 
1.3681 
8.2745 
7.0278 
0.5258 
-8.6721 
-0.7590 
-1.1607 
-13.8559 
-15.4627 
-5.1409 
-1.4521 
-1.4796 
0.1866 
-0.2459 
-2.8471 
13.7531 
27.0809 
14.9964 
5.7337 
6.3999 
6.3868 
-6.8638 
-0.4915 
-1.8144 
-6.3412 
2.3515 
7.4944 
29.2753 
33.2355 
10.3272 
7.7202 
-18.0763 
-7.0806 
-12.2313 
-6.1622 
-6.8442 
-9.3386 
-0.2565 
9.8085 
10.0617 
-9.5159 
-8.5758 
-25.7120 
-2.8205 
0.7286 
0.5309 
-6.2524 
-24.8734 
-4.0815 
-2.3230 
0.7754 
-0.4678 
-2.2427 
2.7505 
-10.6218 
-19.2694 
-17.0977 
10.7967 
20.8525 
12.3147 
0.9560 
-8.5407 
-0.7798 
-7.9790 
0.0975 
3.9803 
0.0065 
-14.5602 
-8.8204 
-1.8041 
3.7737 
7.2763 
18.1464 
19.7560 
9.4153 
28.8056 
39.5236 
10.6996 
9.2215 
33.3945 
71.3208 
79.6657 
91.3970 
87.8425 
60.2163 
22.8517 
19.8225 
13.1544 
-36.3512 
-2.2859 
-10.2456 
-4.9970 
-12.7493 
-2.2699 
-0.6926 
3.5908 
2.4466 
-7.2663 
14.8762 
28.2482 
5.3535 
-11.5853 
5.6483 
30.6109 
34.6831 
15.8220 
-6.5313 
2.5622 
4.6531 
2.5945 
-3.0838 
0.2150 
-10.1708 
-27.6864 
-14.1014 
0.7173 
-4.2603 
2.0063 
-12.9187 
40.2927 
48.1872 
13.6225 
42.5261 
37.5585 
11.9739 
36.6595 
39.2890 
11.4661 
18.0619 
4.4031 
-6.9204 
-14.0977 
17.1209 
28.3710 
16.0442 
11.0783 
38.9867 
29.2463 
10.2740 
-17.8531 
14.2605 
27.1862 
36.5051 
61.3044 
51.7237 
42.8947 
23.0465 
-22.5610 
-7.7084 
-25.9419 
-1.2519 
-19.9897 
21.3761 
34.5835 
23.9118 
-9.0397 
5.2361 
15.4858 
10.2481 
-4.1005 
-11.4241 
7.7991 
9.3708 
-12.5270 
0.0997 
-16.6529 
29.4075 
73.1170 
83.1277 
64.0701 
36.8109 
31.1140 
33.7823 
20.3376 
-35.0765 
-0.4324 
-19.8149 
25.2958 
32.6715 
-13.3321 
27.9166 
41.5400 
25.8318 
-21.1575 
8.6900 
17.2178 
35.7772 
34.5210 
6.9718 
-20.9482 
19.2611 
25.3426 
6.3636 
-21.0241 
3.9691 
5.3173 
-16.9045 
-3.7534 
-16.0080 
7.5194 
44.6786 
53.1110 
55.9677 
44.9456 
23.7761 
-6.6437 
-4.3387 
6.6998 
9.2960 
-25.6158 
6.9597 
-12.4604 
26.5787 
27.2287 
54.0077 
44.0650 
49.6500 
14.3560 
43.4027 
30.8800 
-9.0292 
-1.0159 
-20.6621 
-11.9813 
-2.1494 
1.4324 
-4.2555 
-18.3676 
-13.9198 
-3.9534 
-6.8881 
-5.2932 
32.2868 
51.9685 
19.0330 
-15.9306 
4.6458 
7.7888 
4.3918 
-1.7338 
-5.9431 
3.8080 
0.3904 
-11.2664 
34.0085 
74.6619 
72.2796 
67.1449 
27.6880 
-34.7513 
18.9810 
46.3688 
18.9775 
-13.4562 
3.6841 
-3.7833 
-11.1248 
-14.9645 
11.3192 
28.3241 
15.7325 
-2.3395 
-3.2191 
-2.6385 
-14.3085 
-29.5099 
-12.1528 
-4.8602 
-3.4756 
-4.2138 
-14.1227 
-10.0297 
-8.7482 
-2.5622 
4.7141 
9.2728 
32.7384 
23.5026 
-12.3491 
33.9365 
39.1948 
22.2582 
4.3211 
-19.0325 
1.7680 
1.6641 
2.8328 
-5.0422 
-3.0180 
3.0706 
-2.1985 
-8.7408 
-2.2621 
-8.0173 
-32.2992 
23.9993 
40.1467 
9.4876 
6.7714 
7.6735 
-22.1475 
32.8465 
60.0938 
31.4015 
-5.1923 
-12.4936 
1.5575 
0.7642 
-8.8392 
-2.8081 
1.3880 
-2.7729 
0.3521 
7.3631 
9.6312 
39.3649 
37.3098 
15.2434 
5.6433 
3.2712 
-6.9730 
15.4460 
32.2381 
52.7855 
37.6582 
10.7784 
7.6659 
-3.5713 
-4.8739 
-4.8679 
-1.6560 
1.8305 
-4.8359 
-8.3444 
-8.7649 
-1.4649 
-14.7486 
-7.3334 
-3.1303 
-6.3032 
2.5940 
10.7959 
1.4925 
-5.6409 
-7.7003 
-12.6453 
-21.5454 
-7.4242 
-6.9723 
7.5878 
43.0603 
29.5083 
-14.0983 
-21.7782 
16.9387 
41.4597 
29.6082 
-12.1943 
11.8123 
5.4942 
-3.4251 
-5.1154 
5.8432 
6.3045 
5.1912 
8.1560 
6.1505 
2.7992 
-28.2428 
10.4426 
21.8919 
14.2816 
9.5949 
27.2818 
18.3268 
14.6510 
9.5407 
-18.1190 
14.0172 
23.7055 
9.5619 
21.6443 
18.5421 
-9.9415 
19.7072 
14.1916 
-4.6234 
-1.7796 
-2.0707 
4.9899 
26.7756 
16.4990 
-24.6525 
0.0172 
1.2826 
-9.0239 
-1.1713 
-6.6816 
16.8107 
9.2759 
-12.4018 
-3.4272 
-6.1371 
32.1555 
61.2128 
69.2814 
68.4044 
39.0404 
30.1206 
8.1693 
5.6784 
7.6022 
7.2829 
-4.8458 
-19.0323 
7.4740 
18.8793 
8.3946 
19.0384 
22.9899 
9.2201 
-7.8828 
1.8790 
-17.1261 
1.1676 
19.1346 
11.5967 
-6.3003 
-0.8458 
-17.5782 
3.4256 
5.1708 
-27.0029 
13.4533 
40.9746 
50.1501 
23.6099 
23.7722 
21.3891 
15.5745 
-19.9488 
1.4861 
-6.8772 
9.9130 
15.5746 
18.4748 
5.7689 
-4.5284 
3.3145 
4.3424 
0.2486 
3.1484 
5.8876 
-11.3234 
0.6064 
-8.2138 
2.9812 
0.3531 
-18.3606 
5.5974 
33.1667 
36.3996 
37.7401 
14.5235 
-7.8582 
-16.0946 
9.3042 
22.3588 
7.5311 
7.2466 
1.7368 
-4.4779 
-10.5283 
5.3923 
10.9563 
28.1379 
21.5496 
10.6097 
-11.4806 
-5.7182 
3.0019 
16.4022 
48.5676 
60.6157 
30.3780 
-8.5220 
5.1350 
0.2186 
-23.6116 
2.3049 
5.1020 
-7.2926 
4.3283 
3.0461 
-5.0601 
-12.1843 
5.9001 
15.0166 
4.2058 
-6.4044 
12.8387 
29.5780 
19.2939 
17.2389 
25.4717 
32.3444 
45.3335 
26.2846 
-25.4156 
2.7918 
-10.0264 
9.5657 
10.3852 
-8.4158 
9.6398 
8.6192 
13.8265 
-11.1594 
27.3420 
46.0616 
60.0488 
48.2287 
7.8105 
-4.0752 
-4.2788 
10.1118 
8.2121 
-19.2391 
5.2488 
2.5633 
-10.1576 
-7.7242 
18.3502 
57.9777 
55.4354 
15.7413 
-5.1136 
-17.5680 
27.0038 
44.1056 
26.7899 
-10.6012 
18.4310 
56.9148 
58.1039 
34.2473 
25.7062 
15.4805 
9.4855 
15.6003 
-11.3557 
-1.3064 
-36.1635 
-4.0033 
3.2095 
-3.3598 
6.3685 
-6.0411 
-8.2606 
-17.9250 
25.7480 
49.5395 
28.1002 
46.5315 
38.7357 
50.5366 
58.5700 
27.4151 
39.3508 
39.9690 
21.3864 
-4.9306 
-20.0651 
-14.3672 
-32.8792 
17.0154 
39.4072 
36.6642 
10.1012 
-21.6420 
4.7300 
33.4055 
54.1614 
22.4886 
-19.5755 
1.6847 
-16.9229 
1.3366 
14.8730 
11.7538 
11.3829 
1.9696 
-17.8615 
-5.6743 
0.2019 
-5.3534 
-8.7173 
-18.0179 
-9.0426 
-7.7789 
-3.5268 
-14.0602 
5.0949 
15.8770 
8.1901 
6.8144 
-9.2834 
-7.5951 
-29.8404 
6.6475 
34.3207 
29.0636 
62.3140 
63.0575 
48.6512 
32.4369 
3.6805 
-2.8787 
8.6333 
7.6451 
4.0562 
-2.2673 
-1.8539 
0.6027 
-24.8888 
-3.3780 
6.7541 
-8.7102 
29.6084 
53.3441 
29.5358 
-25.8572 
32.6535 
43.2104 
10.9409 
-3.7947 
2.0704 
-2.9294 
-6.7395 
-34.0177 
36.0501 
77.7298 
62.8019 
14.9693 
31.9168 
9.0177 
2.4646 
-23.6236 
16.4281 
36.4537 
16.5328 
-10.4675 
32.5146 
55.9724 
30.5915 
-25.8124 
23.6697 
32.4510 
16.0209 
-29.7158 
6.3692 
27.6994 
21.3381 
9.3369 
-31.1704 
-15.0500 
-27.6207 
-9.7991 
-2.6091 
-0.7575 
-0.9113 
2.6624 
13.3893 
21.9341 
9.5779 
3.0676 
-25.9895 
1.2565 
1.6704 
-11.0666 
-2.8506 
14.1789 
24.5708 
8.8374 
12.3397 
13.5985 
5.8217 
1.2958 
-7.5650 
-2.2153 
1.2927 
-1.9948 
-3.8991 
-5.2806 
1.5343 
-0.7324 
-29.2008 
13.5651 
25.8986 
5.9609 
-6.9595 
15.3399 
46.2661 
32.6039 
-7.1169 
-14.6057 
19.5791 
41.5915 
46.6176 
20.1785 
-29.0001 
7.6527 
14.9661 
3.5973 
-18.2536 
5.2840 
34.7537 
44.0917 
36.3490 
13.6802 
51.5946 
51.1026 
32.6307 
-10.8305 
6.0278 
-8.5614 
15.9039 
25.4730 
9.8203 
-6.0907 
-11.6597 
-14.0981 
-12.2648 
-3.7882 
-24.6046 
-3.9993 
-12.4647 
35.2129 
33.6519 
-9.6244 
5.5492 
17.7616 
41.1675 
40.9877 
59.4810 
43.7554 
16.6803 
-15.4536 
3.9638 
8.4796 
-10.0501 
30.8532 
56.8815 
28.7278 
-34.2265 
10.6121 
13.1192 
-8.4593 
-10.5058 
-7.9940 
5.5208 
-0.3932 
-5.9113 
-0.9271 
-7.6044 
-9.1570 
-19.2857 
-15.7938 
-32.0863 
2.7657 
5.1632 
-23.0678 
9.3287 
25.1340 
19.1390 
4.2862 
-1.8843 
3.3746 
-2.3739 
7.7597 
1.3645 
-32.1338 
12.3448 
36.7240 
24.4060 
-12.6722 
38.3153 
35.0006 
-29.2979 
38.2819 
37.3241 
-9.2549 
0.8358 
-11.8092 
2.7502 
5.7954 
7.8459 
2.6019 
-6.4609 
-2.7098 
1.2322 
2.1493 
-9.4203 
-0.8967 
-6.7333 
12.8611 
21.4602 
19.1837 
27.7212 
13.4452 
60.4311 
68.1746 
36.9595 
18.8248 
-18.1209 
5.4227 
5.8956 
-5.8349 
5.4955 
22.7001 
13.7416 
-33.9736 
6.7609 
13.8747 
2.1011 
-9.1178 
-5.8069 
6.5018 
19.7394 
38.3954 
25.6980 
7.0383 
3.9589 
-2.7296 
-0.0222 
-8.8709 
14.1492 
19.1616 
-11.4799 
11.9622 
6.4762 
-25.9676 
-15.1003 
-30.5405 
8.0888 
15.7851 
3.0338 
-25.1757 
3.9820 
13.9985 
3.6347 
-20.6678 
5.8106 
22.5947 
20.6461 
-10.7140 
3.4093 
-21.8499 
11.7718 
11.7379 
16.7262 
-11.1826 
0.6195 
-15.3184 
3.5564 
2.2081 
-25.6763 
-0.3636 
5.2733 
-10.8148 
-9.0889 
21.5574 
46.5999 
28.7308 
10.4009 
12.5196 
-24.8105 
-4.4930 
-21.4837 
-3.7472 
-14.7119 
0.9133 
-8.9595 
2.5412 
-10.8487 
18.4523 
18.8489 
-9.6821 
3.9042 
-8.6909 
-5.5881 
-13.5756 
-0.7115 
-1.4426 
-11.8620 
6.1343 
11.7141 
35.0490 
16.7194 
-16.8503 
1.4832 
-21.0434 
7.8122 
24.3412 
43.4849 
42.5978 
29.8808 
6.4219 
-9.4720 
-1.8603 
1.0194 
6.0497 
15.8876 
9.2573 
10.1457 
-22.9452 
16.1171 
18.5976 
17.4071 
28.0991 
43.2020 
28.6938 
-43.7127 
18.8377 
25.4495 
36.9735 
10.4225 
8.4643 
24.1825 
36.5124 
65.4362 
61.3150 
36.2471 
8.2336 
5.9923 
1.3717 
-5.1359 
2.2372 
-2.8340 
4.2744 
25.3635 
22.0276 
-9.9105 
9.9220 
6.8644 
-2.1475 
2.2297 
2.0048 
-6.8971 
-17.2184 
-5.5844 
-15.0862 
14.8017 
17.2474 
-29.9967 
11.8384 
13.9659 
-6.7225 
-6.9106 
-10.3609 
-33.7784 
7.6847 
8.4379 
-27.2107 
14.7939 
26.0411 
7.0112 
-6.9288 
-4.2336 
-13.0251 
-4.2846 
-22.2147 
-13.3375 
-5.9430 
-0.5612 
-8.9548 
2.7039 
5.5031 
-8.1667 
19.1762 
25.6441 
8.0522 
8.9749 
7.8065 
-42.9991 
25.5398 
30.6959 
-9.1488 
6.7585 
2.4524 
-4.8264 
-2.4508 
-4.6844 
5.4844 
12.0729 
-3.8642 
-11.8686 
-9.3511 
-4.0082 
-24.5667 
-4.8435 
-24.7847 
-2.5908 
-9.4631 
1.9282 
-7.2718 
-5.8920 
-12.2668 
-1.6367 
-1.6961 
3.7826 
12.1704 
17.0373 
16.8594 
11.1892 
8.6217 
-4.4612 
7.8281 
42.0558 
52.6953 
19.1978 
-21.0178 
-2.1296 
1.5355 
-9.9622 
37.6199 
45.8036 
8.1793 
-8.7921 
10.8835 
8.5053 
-1.1576 
-0.2811 
-4.5468 
8.6727 
22.7462 
15.4007 
11.5131 
6.9090 
14.9588 
26.1944 
20.9016 
37.0303 
21.2599 
-15.5141 
-4.7914 
-13.7124 
-6.0373 
4.8285 
6.6349 
-5.4792 
-2.8111 
7.8819 
-3.8357 
-30.1512 
-14.7035 
-17.8113 
-6.9995 
-1.9305 
-17.0907 
4.6483 
14.1993 
-27.6125 
4.5062 
13.4042 
4.0410 
-8.4092 
-8.4338 
-19.7339 
-22.3113 
-12.9245 
-7.6821 
-5.9612 
4.3963 
8.0299 
-32.2441 
24.6950 
46.1131 
16.5860 
-29.8249 
-11.7244 
-3.3524 
-12.5891 
-1.0174 
4.4871 
-4.6198 
-2.9978 
-8.1640 
-6.7302 
-12.0600 
0.6325 
8.5218 
-1.9753 
-10.4358 
-9.6554 
5.5520 
21.1280 
23.6854 
62.7497 
65.4050 
28.8000 
48.4762 
37.4918 
5.6439 
-9.4317 
0.8950 
-2.4141 
1.0402 
9.6159 
2.9952 
-0.9868 
2.7565 
1.2913 
-12.5566 
-19.1692 
-15.9091 
-2.0515 
8.5805 
25.2790 
19.2587 
-9.4750 
-1.6643 
-11.3556 
-5.2149 
14.3265 
21.7216 
40.1728 
34.7366 
34.2658 
20.7691 
26.4898 
20.6604 
-27.4471 
38.3491 
53.9439 
31.7659 
17.4885 
-9.4212 
15.7598 
26.8911 
24.3102 
4.1739 
-1.0755 
1.6765 
0.1450 
4.1954 
-12.5209 
-15.3307 
0.5749 
-4.7082 
-5.2016 
-9.6539 
4.8206 
-10.3964 
12.1915 
7.5238 
-9.4276 
25.4607 
29.5491 
6.8345 
-9.9608 
16.2973 
10.9133 
7.3316 
-29.5984 
13.6152 
53.3341 
43.5413 
-11.1248 
7.5534 
31.9877 
45.7883 
32.5331 
-26.8126 
23.3882 
27.9167 
4.3540 
-15.3963 
-7.0853 
-12.9215 
0.6030 
2.2886 
-19.5910 
19.5882 
24.3252 
-8.2906 
0.7960 
-31.6640 
17.4614 
33.9201 
32.7588 
20.3794 
14.5023 
-18.4915 
7.9847 
41.8953 
41.6151 
57.6002 
55.0895 
30.0355 
10.8037 
29.4075 
18.5741 
-17.6842 
2.3274 
-8.5938 
22.8637 
38.2589 
37.0990 
16.6145 
-11.7568 
-2.0125 
1.5074 
2.0328 
-5.2988 
7.9133 
50.3296 
55.4694 
13.6572 
28.8851 
13.0023 
-6.9137 
4.9687 
5.0291 
3.7464 
-5.0651 
-2.1575 
-6.5170 
-4.1967 
10.3515 
9.3131 
-28.8605 
16.7676 
46.5612 
53.0874 
54.9598 
22.0651 
11.0286 
33.5366 
24.1194 
41.3177 
33.0421 
-10.5746 
7.0729 
3.7453 
-11.6792 
-10.6753 
-6.2590 
2.5025 
-1.5030 
6.7019 
43.8116 
60.4409 
31.2477 
-18.7727 
0.5609 
-4.7607 
6.7433 
-2.1580 
-12.2648 
2.7250 
-13.6619 
-19.4208 
-31.1288 
15.3008 
35.7197 
30.0492 
9.5670 
12.5140 
-11.6061 
21.2331 
12.4777 
32.6696 
37.9299 
58.4245 
33.9371 
-6.2110 
-4.5609 
-3.8821 
13.5704 
25.5252 
17.6386 
19.0921 
7.4462 
-6.5967 
0.2245 
-10.4142 
17.2792 
21.5526 
-20.4287 
10.3337 
29.1697 
41.6770 
17.1985 
-10.6503 
32.9263 
52.3102 
27.7401 
41.4277 
27.4989 
8.9313 
-32.2825 
20.5138 
40.2028 
33.5379 
11.1373 
-20.9499 
1.1572 
5.2803 
13.5985 
14.4737 
2.7012 
-20.4769 
-7.2658 
-13.1939 
-2.9716 
0.4140 
0.4232 
2.3825 
2.6081 
-5.0903 
1.6594 
1.1059 
-18.0147 
-4.5207 
-14.5484 
-8.8303 
-18.9725 
11.8258 
25.5567 
14.7040 
-34.8504 
18.2434 
51.9528 
55.1019 
22.4886 
11.1956 
-36.9987 
26.0839 
43.0566 
10.9613 
-9.0610 
-1.7118 
-2.6804 
-11.8271 
15.5757 
46.2769 
36.7853 
-11.8397 
16.1864 
10.1227 
-32.7025 
0.2786 
4.7512 
-16.0252 
3.5173 
5.4631 
-14.9443 
-0.1180 
-3.5094 
-3.6386 
-8.4832 
10.9347 
31.9693 
17.4410 
-4.2677 
-10.9316 
4.3458 
8.6296 
-7.3765 
14.7693 
11.3195 
-4.3908 
-18.6266 
-32.4139 
-11.4560 
-3.4627 
2.9731 
-3.5078 
-4.3679 
-12.8293 
-5.3625 
-8.0878 
-3.2510 
-18.5861 
12.3212 
40.3115 
40.9559 
14.0091 
-8.2360 
13.9792 
12.3702 
-5.6546 
-6.2795 
-16.5497 
-25.6454 
-13.6279 
-1.8822 
5.7725 
0.8593 
1.9003 
-0.1436 
-31.6792 
10.3185 
18.5980 
-24.3600 
24.3992 
30.8901 
22.5823 
17.0858 
-40.3799 
19.8864 
31.7141 
12.0825 
41.4670 
65.2082 
67.3957 
32.0527 
61.2219 
51.2160 
36.6939 
15.3559 
3.7288 
-14.5218 
-2.0295 
-7.4799 
7.7007 
8.8374 
-9.5156 
-8.1534 
-3.2681 
2.8714 
6.4438 
-1.8920 
-9.2992 
-1.6468 
-4.3616 
2.7444 
3.9939 
-6.9214 
3.8365 
9.4070 
45.6033 
37.0189 
-29.4849 
43.5185 
78.1502 
76.4255 
70.3666 
35.3535 
17.3256 
9.6231 
26.0591 
16.4358 
-22.4280 
13.1115 
9.9106 
19.4080 
44.2431 
41.8121 
26.6899 
53.7763 
30.8636 
-17.2921 
-0.3632 
-9.1898 
-1.7198 
-17.8689 
24.9871 
26.0263 
-24.3917 
-10.1396 
-19.4535 
-4.3541 
17.5595 
34.5934 
13.4793 
-23.7689 
-1.2632 
-14.3244 
10.3490 
10.5877 
-8.1101 
2.1145 
1.5014 
-1.5591 
-15.1233 
-1.7279 
7.3417 
-5.8007 
-5.5331 
7.1977 
1.1941 
-29.4993 
12.2398 
8.1430 
-20.9174 
-5.2975 
-3.0265 
-10.2131 
-3.1391 
-24.3861 
6.4351 
42.6707 
54.9261 
67.1753 
29.6232 
-21.2316 
-14.9642 
8.1758 
19.2586 
4.3566 
-2.4639 
-2.6539 
1.5123 
1.8065 
-15.2806 
12.5004 
16.5600 
-6.7022 
-3.3434 
-2.0658 
-2.3110 
-15.2244 
-5.9959 
0.2559 
-14.7880 
-0.4752 
-0.2797 
-15.2919 
-0.1413 
4.2509 
10.7994 
11.1891 
10.4719 
4.4638 
-4.2681 
-10.0787 
9.2856 
5.8166 
-7.0211 
-1.5518 
-3.0836 
16.5357 
35.7807 
39.1836 
18.9131 
-35.2525 
-7.5327 
-5.4536 
-3.9945 
-1.3466 
-5.1270 
0.6557 
-18.9162 
30.2941 
46.7100 
14.5709 
60.4934 
67.5983 
29.2053 
-22.0732 
-13.1608 
-13.6299 
-1.0254 
-1.1082 
-5.8258 
6.4472 
7.5437 
15.8268 
7.2011 
-14.4579 
-4.7871 
-11.3309 
-9.6461 
-0.8938 
-1.0463 
-12.5354 
8.8797 
18.8598 
11.3457 
1.4845 
-8.8961 
-6.5368 
15.6197 
47.7011 
21.2834 
-18.1643 
-11.8938 
-26.4276 
-11.6022 
-1.9697 
3.4937 
5.4401 
-9.7763 
3.4403 
-8.5971 
9.0070 
8.9057 
8.7204 
-20.1112 
13.9428 
33.9536 
21.0849 
14.3680 
-10.6654 
-5.4284 
-29.9810 
6.1277 
40.8374 
62.4584 
65.5726 
30.1092 
-3.7340 
5.5216 
11.9232 
8.0343 
3.5178 
2.9923 
1.9921 
-1.7682 
6.7230 
2.8598 
-6.1470 
-8.7656 
2.2552 
13.5029 
28.9824 
39.8380 
12.8482 
33.2575 
34.0108 
17.1530 
9.8906 
25.4832 
12.8574 
-6.8146 
6.0002 
21.5291 
20.0135 
27.6999 
20.6364 
10.8833 
-34.3198 
-11.5453 
-11.5168 
-2.8085 
6.5214 
25.4669 
20.0050 
15.4440 
4.4430 
-5.5625 
7.7609 
2.8029 
-9.3928 
-1.5356 
2.2979 
9.5952 
4.0542 
-2.1468 
-1.1544 
0.4069 
1.0748 
4.5527 
15.3374 
21.0525 
5.7996 
-12.3498 
-4.3760 
-14.2649 
3.3272 
5.6024 
6.4070 
20.6271 
11.6331 
-33.7975 
7.7327 
15.0319 
8.3682 
-18.7255 
-8.8770 
-34.0139 
11.9211 
13.9342 
-11.4990 
-4.5513 
-13.1425 
-22.6828 
4.1118 
-4.5408 
-15.1946 
-7.4291 
1.6027 
10.4889 
6.4452 
-5.9731 
5.9466 
20.0034 
42.2566 
37.2917 
6.8535 
-19.7302 
24.4654 
43.2955 
35.3017 
8.5705 
2.9427 
-6.5404 
-2.1111 
-9.5916 
-7.0043 
-14.8613 
-11.7422 
-11.9862 
22.4411 
24.3705 
49.0106 
31.7037 
-44.5933 
15.0592 
15.6496 
-11.3604 
-5.4076 
3.9710 
4.3891 
-10.0100 
2.3675 
8.5283 
32.2626 
23.1747 
-11.5053 
27.2899 
35.3159 
46.5141 
25.3744 
-4.6589 
2.9029 
4.7733 
3.3514 
-4.3556 
4.6862 
22.0285 
8.4998 
-31.9898 
-14.1093 
-11.7462 
-5.7007 
6.6924 
16.5037 
9.5645 
19.1753 
5.5657 
-33.1551 
33.0361 
56.6148 
23.8234 
23.0904 
17.3992 
18.3562 
9.0460 
15.4600 
4.0197 
-25.1467 
16.7552 
14.6523 
-38.3317 
-18.4600 
-8.1708 
-4.2335 
-2.2897 
-3.6640 
1.0471 
-8.8336 
29.4862 
26.5646 
-22.1773 
0.9513 
-19.1552 
17.9917 
33.3611 
50.4153 
50.3927 
51.6552 
32.5219 
6.8636 
1.4873 
0.9278 
7.7603 
9.8996 
-0.1482 
-10.9626 
-26.2362 
12.3267 
14.6718 
-10.5349 
-20.1952 
-4.2340 
6.1388 
-19.7103 
31.0408 
62.4489 
68.5544 
31.6920 
-34.6920 
6.4965 
9.6232 
9.2716 
-6.8785 
-4.0541 
-3.7971 
-1.0886 
-0.8247 
-7.7073 
4.0849 
11.2491 
39.2359 
33.7142 
-13.5049 
23.1601 
13.5127 
-17.2393 
-4.2765 
-5.2440 
-20.2711 
6.8763 
7.1619 
8.3651 
22.9933 
11.8871 
11.1046 
-22.2395 
-3.7154 
-16.2532 
-11.6337 
-3.1923 
4.3854 
0.1092 
2.7687 
16.9396 
20.4054 
5.2179 
-17.1651 
-1.5269 
-3.5817 
-2.4318 
-27.8294 
-3.8077 
-13.9404 
47.3478 
64.3323 
36.1622 
20.0407 
-6.4309 
-5.1622 
6.5864 
6.5005 
7.1564 
-10.1503 
36.5804 
52.2567 
23.7148 
14.7059 
-19.8813 
-5.1427 
-29.1864 
3.9657 
8.2872 
16.9044 
9.9764 
-15.3007 
4.3416 
5.8773 
9.1573 
43.1982 
56.0624 
43.3724 
25.9999 
9.7312 
11.6089 
-22.9329 
11.3078 
9.0600 
13.1094 
17.8032 
17.3247 
-26.0893 
28.8410 
32.8798 
-13.6122 
23.3229 
19.2237 
8.1647 
-2.4042 
2.5550 
6.4857 
2.1309 
-3.2466 
7.7880 
11.3371 
35.4727 
36.6856 
49.6703 
36.0995 
4.4050 
-6.5712 
-10.5617 
10.4975 
32.3095 
23.4455 
7.6689 
10.2881 
9.0155 
7.4235 
-6.3576 
-2.0550 
-1.8728 
-16.7774 
-10.9925 
-4.3867 
-5.7792 
8.0108 
10.1434 
-7.2013 
-5.6519 
-9.1836 
-3.3172 
-9.9830 
-24.4467 
-13.3243 
-24.7130 
7.3940 
10.7045 
-5.7371 
-5.6764 
20.2675 
40.5700 
22.2816 
-9.0804 
6.7328 
-11.4920 
33.4486 
39.3877 
18.9509 
17.8474 
23.3454 
9.5981 
7.7877 
-16.2214 
1.6241 
-8.8757 
21.6307 
20.6502 
-6.0931 
-17.6983 
34.3688 
58.3974 
22.8578 
-9.5254 
-13.1776 
4.1330 
13.3904 
5.4854 
4.1511 
0.1854 
-19.3300 
-0.4299 
1.4185 
-13.9809 
-1.0856 
-6.5968 
22.0806 
18.8045 
-19.5678 
5.6710 
11.1140 
-11.7080 
-5.5359 
-31.0430 
8.8995 
32.1208 
17.4405 
-35.9798 
-14.6827 
-7.5940 
-1.0857 
-3.5529 
-11.2249 
-1.1676 
4.8232 
2.7938 
-17.5390 
-7.1725 
-20.6737 
-5.0564 
-22.3325 
-10.0132 
-18.4205 
-4.4310 
-11.1841 
-3.9804 
-26.6935 
3.2718 
12.7033 
-12.0055 
1.0103 
3.6122 
-4.7401 
-6.5610 
0.2416 
-9.1503 
-4.4285 
-6.5006 
-8.3646 
-8.8436 
14.8537 
50.4869 
74.8260 
65.7900 
20.8475 
-14.8232 
-12.2669 
-24.4855 
-14.2073 
-9.7793 
-12.3334 
-24.4743 
-2.7905 
-25.7452 
29.1225 
29.1773 
-8.7138 
-0.0015 
-21.8280 
11.1601 
12.1765 
-15.1843 
1.0094 
0.6301 
-10.5513 
1.4642 
1.0633 
-6.9020 
-15.6043 
19.7564 
41.0646 
11.0347 
19.5805 
30.7819 
9.6677 
5.9442 
-17.6292 
15.5873 
19.1499 
-9.7833 
17.7746 
17.2564 
-8.5646 
2.0463 
-6.3281 
5.7528 
4.0813 
-11.2132 
-10.6327 
-11.9085 
-4.1011 
-9.2463 
2.0591 
-6.5674 
-9.6236 
-1.3611 
-4.3930 
-5.1060 
-3.8673 
-7.9655 
-4.5345 
-8.9918 
10.8556 
19.2745 
-14.0484 
27.7342 
23.8797 
27.1945 
10.8634 
23.6162 
11.8824 
15.9218 
-24.1919 
14.1479 
21.7659 
50.8154 
40.4350 
-31.1852 
26.6716 
23.7119 
29.7694 
40.8578 
25.9144 
-44.3992 
33.6770 
36.8321 
-8.4190 
-5.5403 
6.5422 
6.0724 
3.0579 
-30.4829 
3.3339 
8.9356 
7.9244 
26.8844 
49.2436 
43.7029 
13.0098 
-16.7277 
3.3970 
-10.9802 
22.9701 
21.0395 
20.7202 
42.5312 
23.2002 
-31.2156 
6.5791 
13.9149 
6.6400 
8.0005 
19.6974 
8.1728 
-23.6593 
-10.2315 
-14.4598 
-4.8994 
-13.6171 
4.1432 
-0.1718 
-6.7841 
4.4995 
-5.9046 
-19.3692 
-7.9903 
-5.4105 
2.9703 
8.8356 
42.3611 
46.1766 
10.0358 
6.4132 
7.9810 
29.9726 
56.5386 
43.9029 
19.7586 
12.2981 
55.7850 
59.5950 
38.1492 
44.7469 
28.8002 
-6.1612 
-17.7518 
-25.9860 
-8.6093 
6.7355 
6.3615 
3.3620 
-1.4072 
7.7582 
23.0729 
23.6021 
12.2451 
-20.8125 
11.4277 
12.8443 
-10.7652 
27.3171 
25.8026 
-9.2426 
7.2520 
1.9542 
-8.9970 
-0.0261 
1.7690 
-1.9881 
-9.5878 
-7.9357 
-3.3720 
4.0400 
-5.5492 
-1.5575 
4.4786 
8.0180 
32.0311 
37.1094 
42.6900 
17.7378 
4.2573 
-4.8522 
3.5684 
1.3053 
-27.5854 
8.0107 
18.9873 
12.6217 
-40.5819 
13.8699 
18.6022 
9.6668 
32.4442 
23.3883 
-43.7102 
25.7935 
40.0721 
43.5500 
12.9867 
-24.6020 
7.0296 
49.7422 
47.1133 
-14.6311 
31.3003 
36.5795 
25.4925 
-6.6280 
-20.5898 
6.5145 
19.1391 
1.4182 
-15.1040 
2.9385 
-16.9770 
17.0868 
46.8652 
43.5265 
19.1518 
9.1529 
24.0868 
35.5512 
59.5738 
37.9639 
-9.3587 
2.1623 
-20.1352 
24.9826 
36.9383 
47.1373 
50.0369 
17.2972 
-10.5906 
-3.0171 
-14.5019 
-3.2487 
6.2004 
30.6959 
31.4254 
9.2879 
-32.0925 
6.0600 
15.5221 
2.3447 
-10.3050 
-0.6068 
2.4892 
12.0932 
8.2397 
-5.1352 
-10.1512 
-5.5848 
-6.4746 
-0.1807 
-14.5895 
16.0050 
19.9286 
-10.7254 
6.4225 
-11.0449 
30.5889 
24.6274 
-15.9109 
-0.8721 
-8.1211 
-4.1539 
-27.0814 
-0.2544 
9.3811 
9.7721 
-9.4640 
21.9853 
18.5354 
-20.4732 
8.9380 
8.4554 
-4.8385 
-2.2509 
-1.3405 
-9.7401 
4.9469 
26.6668 
6.0735 
-17.5142 
-12.2798 
-2.9799 
4.1617 
-18.6671 
28.5499 
51.0621 
40.8795 
51.3203 
23.3582 
-23.4694 
14.6030 
11.5498 
19.9217 
-13.4631 
28.9178 
28.6462 
7.8374 
-15.0242 
-1.2017 
2.3292 
7.3117 
19.8297 
8.8641 
9.5409 
41.0868 
45.2231 
21.5576 
11.6701 
-15.3481 
-3.5620 
-18.4237 
-6.5724 
-15.6270 
15.1055 
32.4933 
18.7714 
-9.5985 
-5.3878 
-9.6988 
-4.7019 
3.1689 
4.4703 
-22.0008 
17.1937 
24.7363 
44.8906 
22.3714 
-31.2780 
-8.9319 
-25.3988 
8.8443 
33.9617 
49.2502 
30.3285 
-8.9689 
0.0521 
-10.2049 
-2.8716 
-2.1773 
-1.9192 
2.2077 
7.0459 
5.1548 
-5.7940 
4.2307 
4.7827 
5.4216 
11.6984 
19.3373 
30.7472 
10.4175 
6.1661 
-29.5654 
7.5739 
11.4658 
30.9218 
12.0661 
29.0201 
46.6156 
37.4242 
17.0067 
9.8923 
1.3438 
-8.8317 
-1.6663 
5.3522 
13.0202 
21.5332 
14.1421 
-18.1572 
7.1112 
10.9370 
58.4726 
76.3015 
50.2764 
9.9217 
7.6259 
17.3099 
7.8666 
-22.3938 
3.7234 
21.4860 
38.9633 
41.6219 
20.5665 
18.1584 
6.9153 
-1.2729 
0.5171 
-14.5635 
-5.2874 
7.2321 
-10.8613 
44.0164 
70.3604 
78.0328 
44.7726 
-25.1788 
10.8837 
11.8139 
6.1480 
9.6470 
0.1606 
-8.1541 
2.5625 
-1.6010 
-4.5329 
-16.4982 
-7.2175 
-4.7155 
-26.0621 
28.7346 
53.5088 
20.5907 
9.1800 
25.0422 
37.3571 
33.4646 
12.9658 
-24.4899 
42.4535 
72.4073 
32.5820 
-28.9814 
-1.1521 
-8.8660 
-0.9030 
-7.5163 
-3.2958 
-20.3730 
10.0707 
9.7754 
-2.1050 
-0.6091 
-15.8286 
24.1994 
63.9991 
50.0110 
12.2827 
31.5003 
43.6175 
13.4266 
21.7055 
-11.8327 
26.3791 
59.4962 
37.3936 
-21.5598 
3.7024 
2.1103 
-12.5109 
-6.7572 
-4.1011 
-3.3190 
-4.9492 
-10.7605 
3.7078 
-2.8832 
-13.7654 
-5.8499 
1.2272 
8.6361 
0.2369 
2.4190 
11.5050 
7.5467 
6.4192 
18.1950 
41.5990 
24.6378 
-18.6810 
8.0111 
16.3321 
13.8591 
7.2856 
-3.5404 
-0.1250 
-0.0568 
-3.2584 
4.4729 
3.8433 
-24.7891 
-0.0008 
-12.6075 
50.5207 
81.3653 
57.3365 
-16.8264 
56.9207 
79.4865 
39.2085 
-33.9182 
3.3713 
9.2713 
29.9584 
12.7295 
34.8949 
25.9962 
-22.5272 
15.5841 
39.1991 
25.3866 
20.6212 
-25.1601 
6.5946 
-12.0997 
23.0928 
19.3642 
-8.9382 
14.2095 
28.5544 
11.7412 
30.2480 
30.0381 
31.9139 
36.9253 
18.5424 
5.9785 
-5.7651 
1.5745 
1.4085 
-1.3433 
2.5633 
13.5591 
5.5209 
-17.1617 
-4.0310 
-18.6996 
-15.8992 
-6.1503 
1.4862 
1.7048 
0.1009 
-12.8478 
26.1767 
54.9138 
74.3242 
50.7259 
-32.5133 
46.6359 
83.1913 
78.0090 
41.8208 
37.3986 
53.2728 
72.2438 
59.3124 
43.7937 
-12.9264 
19.2605 
18.3415 
-8.8303 
7.0697 
6.7910 
15.8355 
36.0744 
47.5788 
21.0440 
-9.9101 
2.4216 
0.4617 
-2.8259 
0.7110 
-15.0036 
-29.8029 
-8.9558 
2.2024 
-10.8631 
-15.1202 
-30.6908 
17.5758 
40.6354 
44.1990 
25.9803 
-21.5473 
1.9543 
0.3455 
1.1686 
8.1151 
0.4163 
3.1439 
26.4524 
23.3805 
-9.5364 
2.8480 
-7.1464 
16.0756 
26.8162 
6.9921 
-4.6941 
10.6975 
3.3137 
-1.9450 
0.0357 
-13.0920 
14.2524 
15.2121 
-19.2488 
11.6100 
8.1409 
-18.5603 
5.1432 
3.7917 
-19.8151 
-3.2589 
-20.1870 
-15.4983 
-10.0172 
-1.2882 
-4.0449 
17.2971 
20.1613 
-9.2359 
8.2889 
15.2239 
9.8516 
-4.3036 
-12.0188 
0.3502 
5.0320 
8.9058 
35.4026 
24.9009 
-5.3749 
-24.9649 
27.3875 
64.8883 
33.8611 
-35.3198 
10.9061 
5.5683 
-13.4776 
-0.7232 
-3.5199 
8.8518 
27.5525 
42.4983 
20.7243 
-22.0382 
13.9653 
11.5971 
-28.7336 
-14.2145 
-12.4430 
-2.1878 
-14.4776 
-9.7022 
-26.3643 
17.0442 
41.3466 
23.9179 
-24.0308 
17.2558 
14.9771 
-37.6240 
28.4755 
49.8029 
17.7695 
-19.1139 
-12.6736 
11.7030 
18.7403 
-8.4751 
8.2825 
4.3170 
-23.1314 
-10.6052 
-30.9063 
6.1156 
11.2251 
-21.8944 
32.6699 
57.8086 
53.7165 
55.8602 
40.6132 
45.2640 
23.2166 
25.1943 
22.0604 
33.1611 
12.4523 
27.9803 
12.2078 
-18.5652 
12.6381 
14.6380 
-9.4205 
-3.3901 
-15.8632 
0.9420 
0.5154 
-2.0840 
2.8079 
-6.0878 
2.7391 
23.3563 
35.6332 
30.5900 
14.2833 
6.2834 
0.5758 
-5.3685 
3.3062 
5.3246 
-10.8140 
-15.1210 
3.3025 
-14.0557 
1.5563 
12.3727 
7.0534 
-36.4831 
12.7892 
17.8840 
-8.8095 
13.6453 
34.9889 
39.9114 
28.7975 
73.8051 
88.7668 
79.0169 
73.6411 
36.0463 
-10.6677 
6.4864 
-8.3212 
5.8724 
-10.1686 
31.5201 
50.6871 
26.3897 
42.3365 
38.3467 
5.8548 
-2.5357 
2.3843 
-16.0572 
14.3193 
26.4939 
-23.8647 
17.0430 
23.4709 
14.8171 
10.1052 
15.9242 
-9.9088 
6.6467 
24.5381 
25.5133 
15.4918 
-9.8458 
-2.9707 
-32.8848 
10.0920 
17.7674 
6.2022 
0.4285 
-9.5598 
-7.9830 
10.6585 
23.2014 
19.4589 
31.2790 
25.4171 
11.0405 
40.1834 
51.4997 
21.5778 
10.3761 
34.1276 
45.4155 
26.6376 
-15.8419 
-11.2175 
12.5861 
31.3226 
41.3469 
13.2658 
26.4877 
8.8727 
8.1146 
5.0713 
-13.1990 
-4.4516 
-4.4755 
-34.9638 
16.2375 
22.2554 
-20.3454 
12.8819 
25.5692 
12.7821 
-30.6101 
11.0226 
23.8898 
8.9444 
-16.4842 
-1.0782 
-5.8183 
7.2804 
11.0272 
1.4332 
-1.8416 
4.3557 
4.3987 
4.8520 
-3.4007 
-3.2591 
4.4400 
-8.4327 
24.2249 
33.9768 
19.2718 
23.8039 
15.2572 
-20.4963 
6.4793 
6.3854 
4.8979 
4.4499 
-5.6433 
5.4870 
24.1784 
24.6495 
6.0470 
-8.7658 
-7.9402 
-33.2399 
15.4478 
28.0192 
10.4490 
-0.7015 
5.4665 
1.1594 
-8.3476 
0.0778 
-15.6735 
-26.4988 
-14.3889 
-4.9329 
-1.4658 
-6.6008 
4.3029 
37.9098 
62.1534 
61.0225 
29.2430 
43.6762 
19.9660 
-3.9533 
-0.8856 
-19.8734 
17.2345 
35.6001 
6.5831 
-20.2474 
13.1196 
13.2351 
42.8838 
23.5448 
-10.0386 
3.1541 
-4.3398 
3.4074 
9.2578 
6.2075 
